  0.100000E-001  0.266000E-001
  0.300000E-001  0.799000E-001
  0.500000E-001  0.133100E+000
  0.700000E-001  0.186400E+000
  0.900000E-001  0.239600E+000
  0.110000E+000  0.292900E+000
  0.130000E+000  0.346100E+000
  0.150000E+000  0.399400E+000
  0.170000E+000  0.452600E+000
  0.190000E+000  0.505900E+000
  0.210000E+000  0.559100E+000
  0.230000E+000  0.612400E+000
  0.250000E+000  0.665600E+000
  0.270000E+000  0.718900E+000
  0.290000E+000  0.772100E+000
  0.310000E+000  0.825400E+000
  0.330000E+000  0.878700E+000
  0.350000E+000  0.931900E+000
  0.370000E+000  0.985200E+000
  0.390000E+000  0.103840E+001
  0.410000E+000  0.229400E+000
  0.410000E+000  0.109170E+001
  0.430000E+000  0.417900E+000
  0.430000E+000  0.114490E+001
  0.450000E+000  0.549900E+000
  0.450000E+000  0.119820E+001
  0.470000E+000  0.660200E+000
  0.470000E+000  0.125140E+001
  0.490000E+000  0.758300E+000
  0.490000E+000  0.130470E+001
  0.510000E+000  0.848500E+000
  0.510000E+000  0.135790E+001
  0.530000E+000  0.933000E+000
  0.530000E+000  0.141120E+001
  0.550000E+000  0.101330E+001
  0.550000E+000  0.146440E+001
  0.570000E+000  0.109030E+001
  0.570000E+000  0.151770E+001
  0.590000E+000  0.116470E+001
  0.590000E+000  0.157090E+001
  0.610000E+000  0.123680E+001
  0.610000E+000  0.162420E+001
  0.630000E+000  0.130720E+001
  0.630000E+000  0.167740E+001
  0.650000E+000  0.137600E+001
  0.650000E+000  0.173070E+001
  0.670000E+000  0.144350E+001
  0.670000E+000  0.178390E+001
  0.690000E+000  0.150990E+001
  0.690000E+000  0.183720E+001
  0.710000E+000  0.157520E+001
  0.710000E+000  0.189040E+001
  0.730000E+000  0.163970E+001
  0.730000E+000  0.194370E+001
  0.750000E+000  0.170340E+001
  0.750000E+000  0.199690E+001
  0.770000E+000  0.176630E+001
  0.770000E+000  0.205020E+001
  0.790000E+000  0.182870E+001
  0.790000E+000  0.210340E+001
  0.810000E+000  0.189050E+001
  0.810000E+000  0.215670E+001
  0.830000E+000  0.195180E+001
  0.830000E+000  0.220990E+001
  0.850000E+000  0.201260E+001
  0.850000E+000  0.226320E+001
  0.870000E+000  0.207300E+001
  0.870000E+000  0.231640E+001
  0.890000E+000  0.213300E+001
  0.890000E+000  0.236970E+001
  0.910000E+000  0.219260E+001
  0.910000E+000  0.242290E+001
  0.930000E+000  0.225190E+001
  0.930000E+000  0.247620E+001
  0.950000E+000  0.231090E+001
  0.950000E+000  0.252950E+001
  0.970000E+000  0.236970E+001
  0.970000E+000  0.258270E+001
  0.990000E+000  0.242810E+001
  0.990000E+000  0.263600E+001
  0.101000E+001  0.248630E+001
  0.101000E+001  0.268920E+001
  0.103000E+001  0.254430E+001
  0.103000E+001  0.274250E+001
  0.105000E+001  0.260210E+001
  0.105000E+001  0.279570E+001
  0.107000E+001  0.265970E+001
  0.107000E+001  0.284900E+001
  0.109000E+001  0.271710E+001
  0.109000E+001  0.290220E+001
  0.111000E+001  0.277430E+001
  0.111000E+001  0.295550E+001
  0.113000E+001  0.283140E+001
  0.113000E+001  0.300870E+001
  0.115000E+001  0.288830E+001
  0.115000E+001  0.306200E+001
  0.117000E+001  0.294500E+001
  0.117000E+001  0.311520E+001
  0.119000E+001  0.300170E+001
  0.119000E+001  0.316850E+001
  0.121000E+001  0.345300E+000
  0.121000E+001  0.305820E+001
  0.121000E+001  0.322170E+001
  0.123000E+001  0.688400E+000
  0.123000E+001  0.311450E+001
  0.123000E+001  0.327500E+001
  0.125000E+001  0.913400E+000
  0.125000E+001  0.317080E+001
  0.125000E+001  0.332820E+001
  0.127000E+001  0.109560E+001
  0.127000E+001  0.322690E+001
  0.127000E+001  0.338150E+001
  0.129000E+001  0.125380E+001
  0.129000E+001  0.328300E+001
  0.129000E+001  0.343470E+001
  0.131000E+001  0.139630E+001
  0.131000E+001  0.333890E+001
  0.131000E+001  0.348800E+001
  0.133000E+001  0.152740E+001
  0.133000E+001  0.339480E+001
  0.133000E+001  0.354120E+001
  0.135000E+001  0.164980E+001
  0.135000E+001  0.345060E+001
  0.135000E+001  0.359450E+001
  0.137000E+001  0.176540E+001
  0.137000E+001  0.350630E+001
  0.137000E+001  0.364770E+001
  0.139000E+001  0.187540E+001
  0.139000E+001  0.356190E+001
  0.139000E+001  0.370100E+001
  0.141000E+001  0.198070E+001
  0.141000E+001  0.361740E+001
  0.141000E+001  0.375420E+001
  0.143000E+001  0.208210E+001
  0.143000E+001  0.367290E+001
  0.143000E+001  0.380750E+001
  0.145000E+001  0.218010E+001
  0.145000E+001  0.372830E+001
  0.145000E+001  0.386070E+001
  0.147000E+001  0.227510E+001
  0.147000E+001  0.378360E+001
  0.147000E+001  0.391400E+001
  0.149000E+001  0.236750E+001
  0.149000E+001  0.383880E+001
  0.149000E+001  0.396720E+001
  0.151000E+001  0.245760E+001
  0.151000E+001  0.389400E+001
  0.151000E+001  0.402050E+001
  0.153000E+001  0.254560E+001
  0.153000E+001  0.394920E+001
  0.153000E+001  0.407370E+001
  0.155000E+001  0.263180E+001
  0.155000E+001  0.400430E+001
  0.155000E+001  0.412700E+001
  0.157000E+001  0.271620E+001
  0.157000E+001  0.405930E+001
  0.157000E+001  0.418030E+001
  0.159000E+001  0.279920E+001
  0.159000E+001  0.411430E+001
  0.159000E+001  0.423350E+001
  0.161000E+001  0.288070E+001
  0.161000E+001  0.416920E+001
  0.161000E+001  0.428680E+001
  0.163000E+001  0.296100E+001
  0.163000E+001  0.422410E+001
  0.163000E+001  0.434000E+001
  0.165000E+001  0.304010E+001
  0.165000E+001  0.427890E+001
  0.165000E+001  0.439330E+001
  0.167000E+001  0.311810E+001
  0.167000E+001  0.433370E+001
  0.167000E+001  0.444650E+001
  0.169000E+001  0.319500E+001
  0.169000E+001  0.438850E+001
  0.169000E+001  0.449980E+001
  0.171000E+001  0.327100E+001
  0.171000E+001  0.444320E+001
  0.171000E+001  0.455300E+001
  0.173000E+001  0.334620E+001
  0.173000E+001  0.449790E+001
  0.173000E+001  0.460630E+001
  0.175000E+001  0.342050E+001
  0.175000E+001  0.455260E+001
  0.175000E+001  0.465950E+001
  0.177000E+001  0.349410E+001
  0.177000E+001  0.460720E+001
  0.177000E+001  0.471280E+001
  0.179000E+001  0.356690E+001
  0.179000E+001  0.466170E+001
  0.179000E+001  0.476600E+001
  0.181000E+001  0.363910E+001
  0.181000E+001  0.471630E+001
  0.181000E+001  0.481930E+001
  0.183000E+001  0.371060E+001
  0.183000E+001  0.477080E+001
  0.183000E+001  0.487250E+001
  0.185000E+001  0.378150E+001
  0.185000E+001  0.482530E+001
  0.185000E+001  0.492580E+001
  0.187000E+001  0.385190E+001
  0.187000E+001  0.487970E+001
  0.187000E+001  0.497900E+001
  0.189000E+001  0.392170E+001
  0.189000E+001  0.493410E+001
  0.189000E+001  0.503230E+001
  0.191000E+001  0.399100E+001
  0.191000E+001  0.498850E+001
  0.191000E+001  0.508550E+001
  0.193000E+001  0.405980E+001
  0.193000E+001  0.504290E+001
  0.193000E+001  0.513880E+001
  0.195000E+001  0.412810E+001
  0.195000E+001  0.509730E+001
  0.195000E+001  0.519200E+001
  0.197000E+001  0.419600E+001
  0.197000E+001  0.515160E+001
  0.197000E+001  0.524530E+001
  0.199000E+001  0.426350E+001
  0.199000E+001  0.520590E+001
  0.199000E+001  0.529850E+001
  0.201000E+001  0.369100E+000
  0.201000E+001  0.433060E+001
  0.201000E+001  0.526010E+001
  0.201000E+001  0.535180E+001
  0.203000E+001  0.850500E+000
  0.203000E+001  0.439730E+001
  0.203000E+001  0.531440E+001
  0.203000E+001  0.540500E+001
  0.205000E+001  0.114730E+001
  0.205000E+001  0.446370E+001
  0.205000E+001  0.536860E+001
  0.205000E+001  0.545830E+001
  0.207000E+001  0.138390E+001
  0.207000E+001  0.452970E+001
  0.207000E+001  0.542280E+001
  0.207000E+001  0.551150E+001
  0.209000E+001  0.158730E+001
  0.209000E+001  0.459530E+001
  0.209000E+001  0.547700E+001
  0.209000E+001  0.556480E+001
  0.211000E+001  0.176910E+001
  0.211000E+001  0.466070E+001
  0.211000E+001  0.553120E+001
  0.211000E+001  0.561800E+001
  0.213000E+001  0.193530E+001
  0.213000E+001  0.472570E+001
  0.213000E+001  0.558530E+001
  0.213000E+001  0.567130E+001
  0.215000E+001  0.208980E+001
  0.215000E+001  0.479050E+001
  0.215000E+001  0.563950E+001
  0.215000E+001  0.572450E+001
  0.217000E+001  0.223480E+001
  0.217000E+001  0.485490E+001
  0.217000E+001  0.569360E+001
  0.217000E+001  0.577780E+001
  0.219000E+001  0.237230E+001
  0.219000E+001  0.491910E+001
  0.219000E+001  0.574770E+001
  0.219000E+001  0.583110E+001
  0.221000E+001  0.250330E+001
  0.221000E+001  0.498310E+001
  0.221000E+001  0.580170E+001
  0.221000E+001  0.588430E+001
  0.223000E+001  0.262890E+001
  0.223000E+001  0.504670E+001
  0.223000E+001  0.585580E+001
  0.223000E+001  0.593760E+001
  0.225000E+001  0.274980E+001
  0.225000E+001  0.511020E+001
  0.225000E+001  0.590980E+001
  0.225000E+001  0.599080E+001
  0.227000E+001  0.286660E+001
  0.227000E+001  0.517340E+001
  0.227000E+001  0.596390E+001
  0.227000E+001  0.604410E+001
  0.229000E+001  0.297970E+001
  0.229000E+001  0.523640E+001
  0.229000E+001  0.601790E+001
  0.229000E+001  0.609730E+001
  0.231000E+001  0.308970E+001
  0.231000E+001  0.529910E+001
  0.231000E+001  0.607190E+001
  0.231000E+001  0.615060E+001
  0.233000E+001  0.319680E+001
  0.233000E+001  0.536170E+001
  0.233000E+001  0.612590E+001
  0.233000E+001  0.620380E+001
  0.235000E+001  0.330130E+001
  0.235000E+001  0.542410E+001
  0.235000E+001  0.617980E+001
  0.235000E+001  0.625710E+001
  0.237000E+001  0.340340E+001
  0.237000E+001  0.548620E+001
  0.237000E+001  0.623380E+001
  0.237000E+001  0.631030E+001
  0.239000E+001  0.350330E+001
  0.239000E+001  0.554820E+001
  0.239000E+001  0.628770E+001
  0.239000E+001  0.636360E+001
  0.241000E+001  0.360130E+001
  0.241000E+001  0.561000E+001
  0.241000E+001  0.634170E+001
  0.241000E+001  0.641680E+001
  0.243000E+001  0.369740E+001
  0.243000E+001  0.567160E+001
  0.243000E+001  0.639560E+001
  0.243000E+001  0.647010E+001
  0.245000E+001  0.379180E+001
  0.245000E+001  0.573300E+001
  0.245000E+001  0.644950E+001
  0.245000E+001  0.652330E+001
  0.247000E+001  0.388470E+001
  0.247000E+001  0.579430E+001
  0.247000E+001  0.650340E+001
  0.247000E+001  0.657660E+001
  0.249000E+001  0.397620E+001
  0.249000E+001  0.585540E+001
  0.249000E+001  0.655730E+001
  0.249000E+001  0.662980E+001
  0.251000E+001  0.406630E+001
  0.251000E+001  0.591640E+001
  0.251000E+001  0.661120E+001
  0.251000E+001  0.668310E+001
  0.253000E+001  0.415510E+001
  0.253000E+001  0.597720E+001
  0.253000E+001  0.666500E+001
  0.253000E+001  0.673630E+001
  0.255000E+001  0.424270E+001
  0.255000E+001  0.603790E+001
  0.255000E+001  0.671890E+001
  0.255000E+001  0.678960E+001
  0.257000E+001  0.432920E+001
  0.257000E+001  0.609840E+001
  0.257000E+001  0.677270E+001
  0.257000E+001  0.684280E+001
  0.259000E+001  0.441470E+001
  0.259000E+001  0.615880E+001
  0.259000E+001  0.682660E+001
  0.259000E+001  0.689610E+001
  0.261000E+001  0.449920E+001
  0.261000E+001  0.621900E+001
  0.261000E+001  0.688040E+001
  0.261000E+001  0.694930E+001
  0.263000E+001  0.458270E+001
  0.263000E+001  0.627920E+001
  0.263000E+001  0.693420E+001
  0.263000E+001  0.700260E+001
  0.265000E+001  0.466530E+001
  0.265000E+001  0.633920E+001
  0.265000E+001  0.698800E+001
  0.265000E+001  0.705580E+001
  0.267000E+001  0.474720E+001
  0.267000E+001  0.639900E+001
  0.267000E+001  0.704180E+001
  0.267000E+001  0.710910E+001
  0.269000E+001  0.482820E+001
  0.269000E+001  0.645880E+001
  0.269000E+001  0.709560E+001
  0.269000E+001  0.716230E+001
  0.271000E+001  0.490840E+001
  0.271000E+001  0.651840E+001
  0.271000E+001  0.714940E+001
  0.271000E+001  0.721560E+001
  0.273000E+001  0.498800E+001
  0.273000E+001  0.657800E+001
  0.273000E+001  0.720310E+001
  0.273000E+001  0.726880E+001
  0.275000E+001  0.506680E+001
  0.275000E+001  0.663740E+001
  0.275000E+001  0.725690E+001
  0.275000E+001  0.732210E+001
  0.277000E+001  0.514500E+001
  0.277000E+001  0.669670E+001
  0.277000E+001  0.731070E+001
  0.277000E+001  0.737530E+001
  0.279000E+001  0.522260E+001
  0.279000E+001  0.675590E+001
  0.279000E+001  0.736440E+001
  0.279000E+001  0.742860E+001
  0.281000E+001  0.529950E+001
  0.281000E+001  0.681500E+001
  0.281000E+001  0.741810E+001
  0.281000E+001  0.748190E+001
  0.283000E+001  0.960900E+000
  0.283000E+001  0.537590E+001
  0.283000E+001  0.687400E+001
  0.283000E+001  0.747190E+001
  0.283000E+001  0.753510E+001
  0.285000E+001  0.132240E+001
  0.285000E+001  0.545180E+001
  0.285000E+001  0.693290E+001
  0.285000E+001  0.752560E+001
  0.285000E+001  0.758840E+001
  0.287000E+001  0.160630E+001
  0.287000E+001  0.552710E+001
  0.287000E+001  0.699170E+001
  0.287000E+001  0.757930E+001
  0.287000E+001  0.764160E+001
  0.289000E+001  0.184860E+001
  0.289000E+001  0.560190E+001
  0.289000E+001  0.705040E+001
  0.289000E+001  0.763300E+001
  0.289000E+001  0.769490E+001
  0.291000E+001  0.206400E+001
  0.291000E+001  0.567620E+001
  0.291000E+001  0.710910E+001
  0.291000E+001  0.768670E+001
  0.291000E+001  0.774810E+001
  0.293000E+001  0.226020E+001
  0.293000E+001  0.575010E+001
  0.293000E+001  0.716760E+001
  0.293000E+001  0.774040E+001
  0.293000E+001  0.780140E+001
  0.295000E+001  0.244190E+001
  0.295000E+001  0.582350E+001
  0.295000E+001  0.722610E+001
  0.295000E+001  0.779410E+001
  0.295000E+001  0.785460E+001
  0.297000E+001  0.261200E+001
  0.297000E+001  0.589650E+001
  0.297000E+001  0.728440E+001
  0.297000E+001  0.784780E+001
  0.297000E+001  0.790790E+001
  0.299000E+001  0.277280E+001
  0.299000E+001  0.596900E+001
  0.299000E+001  0.734270E+001
  0.299000E+001  0.790150E+001
  0.299000E+001  0.796110E+001
  0.301000E+001  0.292570E+001
  0.301000E+001  0.604120E+001
  0.301000E+001  0.740100E+001
  0.301000E+001  0.795510E+001
  0.301000E+001  0.801440E+001
  0.303000E+001  0.307200E+001
  0.303000E+001  0.611300E+001
  0.303000E+001  0.745910E+001
  0.303000E+001  0.800880E+001
  0.303000E+001  0.806760E+001
  0.305000E+001  0.321250E+001
  0.305000E+001  0.618440E+001
  0.305000E+001  0.751720E+001
  0.305000E+001  0.806250E+001
  0.305000E+001  0.812090E+001
  0.307000E+001  0.334790E+001
  0.307000E+001  0.625540E+001
  0.307000E+001  0.757520E+001
  0.307000E+001  0.811610E+001
  0.307000E+001  0.817410E+001
  0.309000E+001  0.347890E+001
  0.309000E+001  0.632610E+001
  0.309000E+001  0.763310E+001
  0.309000E+001  0.816980E+001
  0.309000E+001  0.822740E+001
  0.311000E+001  0.360600E+001
  0.311000E+001  0.639640E+001
  0.311000E+001  0.769090E+001
  0.311000E+001  0.822340E+001
  0.311000E+001  0.828060E+001
  0.313000E+001  0.372940E+001
  0.313000E+001  0.646640E+001
  0.313000E+001  0.774870E+001
  0.313000E+001  0.827710E+001
  0.313000E+001  0.833390E+001
  0.315000E+001  0.384970E+001
  0.315000E+001  0.653610E+001
  0.315000E+001  0.780640E+001
  0.315000E+001  0.833070E+001
  0.315000E+001  0.838710E+001
  0.317000E+001  0.396700E+001
  0.317000E+001  0.660550E+001
  0.317000E+001  0.786410E+001
  0.317000E+001  0.838430E+001
  0.317000E+001  0.844040E+001
  0.319000E+001  0.408170E+001
  0.319000E+001  0.667460E+001
  0.319000E+001  0.792160E+001
  0.319000E+001  0.843790E+001
  0.319000E+001  0.849360E+001
  0.321000E+001  0.419390E+001
  0.321000E+001  0.674340E+001
  0.321000E+001  0.797920E+001
  0.321000E+001  0.849160E+001
  0.321000E+001  0.854690E+001
  0.323000E+001  0.430390E+001
  0.323000E+001  0.681200E+001
  0.323000E+001  0.803660E+001
  0.323000E+001  0.854520E+001
  0.323000E+001  0.860010E+001
  0.325000E+001  0.441170E+001
  0.325000E+001  0.688020E+001
  0.325000E+001  0.809400E+001
  0.325000E+001  0.859880E+001
  0.325000E+001  0.865340E+001
  0.327000E+001  0.451770E+001
  0.327000E+001  0.694820E+001
  0.327000E+001  0.815130E+001
  0.327000E+001  0.865240E+001
  0.327000E+001  0.870660E+001
  0.329000E+001  0.462180E+001
  0.329000E+001  0.701600E+001
  0.329000E+001  0.820860E+001
  0.329000E+001  0.870600E+001
  0.329000E+001  0.875990E+001
  0.331000E+001  0.472420E+001
  0.331000E+001  0.708340E+001
  0.331000E+001  0.826590E+001
  0.331000E+001  0.875960E+001
  0.331000E+001  0.881310E+001
  0.333000E+001  0.482500E+001
  0.333000E+001  0.715070E+001
  0.333000E+001  0.832300E+001
  0.333000E+001  0.881320E+001
  0.333000E+001  0.886640E+001
  0.335000E+001  0.492440E+001
  0.335000E+001  0.721770E+001
  0.335000E+001  0.838010E+001
  0.335000E+001  0.886670E+001
  0.335000E+001  0.891960E+001
  0.337000E+001  0.502230E+001
  0.337000E+001  0.728450E+001
  0.337000E+001  0.843720E+001
  0.337000E+001  0.892030E+001
  0.337000E+001  0.897290E+001
  0.339000E+001  0.511900E+001
  0.339000E+001  0.735110E+001
  0.339000E+001  0.849420E+001
  0.339000E+001  0.897390E+001
  0.339000E+001  0.902610E+001
  0.341000E+001  0.521440E+001
  0.341000E+001  0.741740E+001
  0.341000E+001  0.855120E+001
  0.341000E+001  0.902750E+001
  0.341000E+001  0.907940E+001
  0.343000E+001  0.530860E+001
  0.343000E+001  0.748350E+001
  0.343000E+001  0.860810E+001
  0.343000E+001  0.908100E+001
  0.343000E+001  0.913270E+001
  0.345000E+001  0.540170E+001
  0.345000E+001  0.754950E+001
  0.345000E+001  0.866490E+001
  0.345000E+001  0.913460E+001
  0.345000E+001  0.918590E+001
  0.347000E+001  0.549380E+001
  0.347000E+001  0.761520E+001
  0.347000E+001  0.872170E+001
  0.347000E+001  0.918820E+001
  0.347000E+001  0.923920E+001
  0.349000E+001  0.558480E+001
  0.349000E+001  0.768070E+001
  0.349000E+001  0.877850E+001
  0.349000E+001  0.924170E+001
  0.349000E+001  0.929240E+001
  0.351000E+001  0.567490E+001
  0.351000E+001  0.774610E+001
  0.351000E+001  0.883520E+001
  0.351000E+001  0.929530E+001
  0.351000E+001  0.934570E+001
  0.353000E+001  0.576400E+001
  0.353000E+001  0.781120E+001
  0.353000E+001  0.889190E+001
  0.353000E+001  0.934880E+001
  0.353000E+001  0.939890E+001
  0.355000E+001  0.585230E+001
  0.355000E+001  0.787620E+001
  0.355000E+001  0.894850E+001
  0.355000E+001  0.940240E+001
  0.355000E+001  0.945220E+001
  0.357000E+001  0.593980E+001
  0.357000E+001  0.794100E+001
  0.357000E+001  0.900510E+001
  0.357000E+001  0.945590E+001
  0.357000E+001  0.950540E+001
  0.359000E+001  0.602650E+001
  0.359000E+001  0.800570E+001
  0.359000E+001  0.906160E+001
  0.359000E+001  0.950950E+001
  0.359000E+001  0.955870E+001
  0.361000E+001  0.611240E+001
  0.361000E+001  0.807010E+001
  0.361000E+001  0.911810E+001
  0.361000E+001  0.956300E+001
  0.361000E+001  0.961190E+001
  0.363000E+001  0.619760E+001
  0.363000E+001  0.813440E+001
  0.363000E+001  0.917460E+001
  0.363000E+001  0.961650E+001
  0.363000E+001  0.966520E+001
  0.365000E+001  0.628200E+001
  0.365000E+001  0.819860E+001
  0.365000E+001  0.923100E+001
  0.365000E+001  0.967010E+001
  0.365000E+001  0.971840E+001
  0.367000E+001  0.178760E+001
  0.367000E+001  0.636580E+001
  0.367000E+001  0.826260E+001
  0.367000E+001  0.928740E+001
  0.367000E+001  0.972360E+001
  0.367000E+001  0.977170E+001
  0.369000E+001  0.206520E+001
  0.369000E+001  0.644900E+001
  0.369000E+001  0.832640E+001
  0.369000E+001  0.934370E+001
  0.369000E+001  0.977710E+001
  0.369000E+001  0.982490E+001
  0.371000E+001  0.231100E+001
  0.371000E+001  0.653150E+001
  0.371000E+001  0.839010E+001
  0.371000E+001  0.940000E+001
  0.371000E+001  0.983060E+001
  0.371000E+001  0.987820E+001
  0.373000E+001  0.253410E+001
  0.373000E+001  0.661340E+001
  0.373000E+001  0.845360E+001
  0.373000E+001  0.945630E+001
  0.373000E+001  0.988410E+001
  0.373000E+001  0.993140E+001
  0.375000E+001  0.274020E+001
  0.375000E+001  0.669480E+001
  0.375000E+001  0.851700E+001
  0.375000E+001  0.951250E+001
  0.375000E+001  0.993770E+001
  0.375000E+001  0.998470E+001
  0.377000E+001  0.293280E+001
  0.377000E+001  0.677560E+001
  0.377000E+001  0.858030E+001
  0.377000E+001  0.956870E+001
  0.377000E+001  0.999120E+001
  0.377000E+001  0.100379E+002
  0.379000E+001  0.311440E+001
  0.379000E+001  0.685580E+001
  0.379000E+001  0.864340E+001
  0.379000E+001  0.962480E+001
  0.379000E+001  0.100447E+002
  0.379000E+001  0.100912E+002
  0.381000E+001  0.328690E+001
  0.381000E+001  0.693560E+001
  0.381000E+001  0.870640E+001
  0.381000E+001  0.968090E+001
  0.381000E+001  0.100982E+002
  0.381000E+001  0.101444E+002
  0.383000E+001  0.345160E+001
  0.383000E+001  0.701480E+001
  0.383000E+001  0.876920E+001
  0.383000E+001  0.973700E+001
  0.383000E+001  0.101517E+002
  0.383000E+001  0.101977E+002
  0.385000E+001  0.360950E+001
  0.385000E+001  0.709360E+001
  0.385000E+001  0.883190E+001
  0.385000E+001  0.979310E+001
  0.385000E+001  0.102052E+002
  0.385000E+001  0.102509E+002
  0.387000E+001  0.376160E+001
  0.387000E+001  0.717180E+001
  0.387000E+001  0.889450E+001
  0.387000E+001  0.984910E+001
  0.387000E+001  0.102587E+002
  0.387000E+001  0.103042E+002
  0.389000E+001  0.390860E+001
  0.389000E+001  0.724970E+001
  0.389000E+001  0.895700E+001
  0.389000E+001  0.990510E+001
  0.389000E+001  0.103122E+002
  0.389000E+001  0.103574E+002
  0.391000E+001  0.405090E+001
  0.391000E+001  0.732710E+001
  0.391000E+001  0.901940E+001
  0.391000E+001  0.996100E+001
  0.391000E+001  0.103657E+002
  0.391000E+001  0.104107E+002
  0.393000E+001  0.418900E+001
  0.393000E+001  0.740400E+001
  0.393000E+001  0.908160E+001
  0.393000E+001  0.100169E+002
  0.393000E+001  0.104192E+002
  0.393000E+001  0.104639E+002
  0.395000E+001  0.432350E+001
  0.395000E+001  0.748060E+001
  0.395000E+001  0.914370E+001
  0.395000E+001  0.100728E+002
  0.395000E+001  0.104726E+002
  0.395000E+001  0.105172E+002
  0.397000E+001  0.445440E+001
  0.397000E+001  0.755670E+001
  0.397000E+001  0.920570E+001
  0.397000E+001  0.101287E+002
  0.397000E+001  0.105261E+002
  0.397000E+001  0.105704E+002
  0.399000E+001  0.458230E+001
  0.399000E+001  0.763250E+001
  0.399000E+001  0.926760E+001
  0.399000E+001  0.101845E+002
  0.399000E+001  0.105796E+002
  0.399000E+001  0.106237E+002
