  0.100000E-001  0.000000E+000
  0.300000E-001  0.000000E+000
  0.500000E-001  0.000000E+000
  0.700000E-001  0.109500E+000
  0.900000E-001  0.141000E+000
  0.110000E+000  0.172500E+000
  0.130000E+000  0.203500E+000
  0.150000E+000  0.235000E+000
  0.170000E+000  0.266500E+000
  0.190000E+000  0.297500E+000
  0.210000E+000  0.329000E+000
  0.230000E+000  0.360500E+000
  0.250000E+000  0.135500E+000
  0.250000E+000  0.391500E+000
  0.270000E+000  0.211000E+000
  0.270000E+000  0.423000E+000
  0.290000E+000  0.269000E+000
  0.290000E+000  0.454500E+000
  0.310000E+000  0.319000E+000
  0.310000E+000  0.485500E+000
  0.330000E+000  0.365000E+000
  0.330000E+000  0.517000E+000
  0.350000E+000  0.548500E+000
  0.370000E+000  0.579500E+000
  0.390000E+000  0.611000E+000
  0.410000E+000  0.642500E+000
  0.430000E+000  0.673500E+000
  0.450000E+000  0.705000E+000
  0.470000E+000  0.736500E+000
  0.490000E+000  0.767500E+000
  0.510000E+000  0.799000E+000
  0.530000E+000  0.830500E+000
  0.550000E+000  0.861500E+000
  0.570000E+000  0.893000E+000
  0.590000E+000  0.924500E+000
  0.610000E+000  0.955500E+000
  0.630000E+000  0.987000E+000
  0.650000E+000  0.101850E+001
  0.670000E+000  0.104950E+001
  0.690000E+000  0.108100E+001
  0.710000E+000  0.111250E+001
  0.730000E+000  0.298000E+000
  0.730000E+000  0.114350E+001
  0.750000E+000  0.407500E+000
  0.750000E+000  0.117500E+001
  0.770000E+000  0.493500E+000
  0.770000E+000  0.120650E+001
  0.790000E+000  0.567500E+000
  0.790000E+000  0.123750E+001
  0.810000E+000  0.634000E+000
  0.810000E+000  0.126900E+001
  0.830000E+000  0.695000E+000
  0.830000E+000  0.130050E+001
  0.850000E+000  0.752500E+000
  0.850000E+000  0.133150E+001
  0.870000E+000  0.807500E+000
  0.870000E+000  0.136300E+001
  0.890000E+000  0.859500E+000
  0.890000E+000  0.139450E+001
  0.910000E+000  0.909500E+000
  0.910000E+000  0.142550E+001
  0.930000E+000  0.958000E+000
  0.930000E+000  0.145700E+001
  0.950000E+000  0.100550E+001
  0.950000E+000  0.148850E+001
  0.970000E+000  0.105150E+001
  0.970000E+000  0.151950E+001
  0.990000E+000  0.109600E+001
  0.990000E+000  0.155100E+001
  0.101000E+001  0.114000E+001
  0.101000E+001  0.158250E+001
  0.103000E+001  0.118350E+001
  0.103000E+001  0.161350E+001
  0.105000E+001  0.122600E+001
  0.105000E+001  0.164500E+001
  0.107000E+001  0.126750E+001
  0.107000E+001  0.167650E+001
  0.109000E+001  0.130900E+001
  0.109000E+001  0.170750E+001
  0.111000E+001  0.173900E+001
  0.113000E+001  0.138950E+001
  0.113000E+001  0.177050E+001
  0.115000E+001  0.180150E+001
  0.117000E+001  0.146850E+001
  0.117000E+001  0.183300E+001
  0.119000E+001  0.265500E+000
  0.119000E+001  0.150750E+001
  0.119000E+001  0.186450E+001
  0.121000E+001  0.451000E+000
  0.121000E+001  0.154650E+001
  0.121000E+001  0.189550E+001
  0.123000E+001  0.577000E+000
  0.123000E+001  0.192700E+001
  0.125000E+001  0.679000E+000
  0.125000E+001  0.195850E+001
  0.127000E+001  0.768000E+000
  0.127000E+001  0.166000E+001
  0.127000E+001  0.198950E+001
  0.129000E+001  0.848500E+000
  0.129000E+001  0.202100E+001
  0.131000E+001  0.922000E+000
  0.131000E+001  0.205250E+001
  0.133000E+001  0.991500E+000
  0.133000E+001  0.208350E+001
  0.135000E+001  0.105650E+001
  0.135000E+001  0.211500E+001
  0.137000E+001  0.111900E+001
  0.137000E+001  0.214650E+001
  0.139000E+001  0.117850E+001
  0.139000E+001  0.217750E+001
  0.141000E+001  0.123600E+001
  0.141000E+001  0.220900E+001
  0.143000E+001  0.129150E+001
  0.143000E+001  0.224050E+001
  0.145000E+001  0.134550E+001
  0.145000E+001  0.227150E+001
  0.147000E+001  0.139800E+001
  0.147000E+001  0.202550E+001
  0.147000E+001  0.230300E+001
  0.149000E+001  0.144950E+001
  0.149000E+001  0.233450E+001
  0.151000E+001  0.149950E+001
  0.151000E+001  0.209600E+001
  0.151000E+001  0.236550E+001
  0.153000E+001  0.154900E+001
  0.153000E+001  0.239700E+001
  0.155000E+001  0.159700E+001
  0.155000E+001  0.242850E+001
  0.157000E+001  0.164450E+001
  0.157000E+001  0.245950E+001
  0.159000E+001  0.169100E+001
  0.159000E+001  0.223650E+001
  0.159000E+001  0.249100E+001
  0.161000E+001  0.173700E+001
  0.161000E+001  0.252250E+001
  0.163000E+001  0.178250E+001
  0.163000E+001  0.255350E+001
  0.165000E+001  0.182700E+001
  0.165000E+001  0.258500E+001
  0.167000E+001  0.420000E+000
  0.167000E+001  0.187150E+001
  0.167000E+001  0.261650E+001
  0.169000E+001  0.602000E+000
  0.169000E+001  0.191500E+001
  0.169000E+001  0.264750E+001
  0.171000E+001  0.737500E+000
  0.171000E+001  0.195800E+001
  0.171000E+001  0.267900E+001
  0.173000E+001  0.851000E+000
  0.173000E+001  0.200100E+001
  0.173000E+001  0.271050E+001
  0.175000E+001  0.951000E+000
  0.175000E+001  0.204300E+001
  0.175000E+001  0.274150E+001
  0.177000E+001  0.104150E+001
  0.177000E+001  0.208500E+001
  0.177000E+001  0.277300E+001
  0.179000E+001  0.112500E+001
  0.179000E+001  0.212650E+001
  0.179000E+001  0.280400E+001
  0.181000E+001  0.120300E+001
  0.181000E+001  0.216800E+001
  0.181000E+001  0.283550E+001
  0.183000E+001  0.127700E+001
  0.183000E+001  0.220900E+001
  0.183000E+001  0.286700E+001
  0.185000E+001  0.134700E+001
  0.185000E+001  0.224950E+001
  0.185000E+001  0.289800E+001
  0.187000E+001  0.141450E+001
  0.187000E+001  0.228950E+001
  0.187000E+001  0.271700E+001
  0.187000E+001  0.292950E+001
  0.189000E+001  0.147950E+001
  0.189000E+001  0.232950E+001
  0.189000E+001  0.296100E+001
  0.191000E+001  0.154200E+001
  0.191000E+001  0.236950E+001
  0.191000E+001  0.299200E+001
  0.193000E+001  0.160250E+001
  0.193000E+001  0.240900E+001
  0.193000E+001  0.302350E+001
  0.195000E+001  0.166150E+001
  0.195000E+001  0.244800E+001
  0.195000E+001  0.305500E+001
  0.197000E+001  0.171900E+001
  0.197000E+001  0.248700E+001
  0.197000E+001  0.308600E+001
  0.199000E+001  0.177550E+001
  0.199000E+001  0.252600E+001
  0.199000E+001  0.311750E+001
  0.201000E+001  0.183000E+001
  0.201000E+001  0.314900E+001
  0.203000E+001  0.188400E+001
  0.203000E+001  0.318000E+001
  0.205000E+001  0.193700E+001
  0.205000E+001  0.321150E+001
  0.207000E+001  0.198850E+001
  0.207000E+001  0.324300E+001
  0.209000E+001  0.203950E+001
  0.209000E+001  0.327400E+001
  0.211000E+001  0.209000E+001
  0.211000E+001  0.275450E+001
  0.211000E+001  0.330550E+001
  0.213000E+001  0.281000E+000
  0.213000E+001  0.213900E+001
  0.213000E+001  0.279200E+001
  0.213000E+001  0.333700E+001
  0.215000E+001  0.571000E+000
  0.215000E+001  0.218800E+001
  0.215000E+001  0.336800E+001
  0.217000E+001  0.751500E+000
  0.217000E+001  0.223600E+001
  0.217000E+001  0.339950E+001
  0.219000E+001  0.894500E+000
  0.219000E+001  0.228350E+001
  0.219000E+001  0.343100E+001
  0.221000E+001  0.101600E+001
  0.221000E+001  0.233050E+001
  0.221000E+001  0.346200E+001
  0.223000E+001  0.112400E+001
  0.223000E+001  0.237700E+001
  0.223000E+001  0.297800E+001
  0.223000E+001  0.349350E+001
  0.225000E+001  0.122300E+001
  0.225000E+001  0.242300E+001
  0.225000E+001  0.352500E+001
  0.227000E+001  0.131400E+001
  0.227000E+001  0.246850E+001
  0.227000E+001  0.355600E+001
  0.229000E+001  0.139950E+001
  0.229000E+001  0.251350E+001
  0.229000E+001  0.358750E+001
  0.231000E+001  0.148050E+001
  0.231000E+001  0.255800E+001
  0.231000E+001  0.361900E+001
  0.233000E+001  0.155750E+001
  0.233000E+001  0.260250E+001
  0.233000E+001  0.365000E+001
  0.235000E+001  0.163150E+001
  0.235000E+001  0.264650E+001
  0.235000E+001  0.319650E+001
  0.235000E+001  0.368150E+001
  0.237000E+001  0.170250E+001
  0.237000E+001  0.269000E+001
  0.237000E+001  0.371300E+001
  0.239000E+001  0.177100E+001
  0.239000E+001  0.273300E+001
  0.239000E+001  0.326850E+001
  0.239000E+001  0.374400E+001
  0.241000E+001  0.183750E+001
  0.241000E+001  0.277600E+001
  0.241000E+001  0.377550E+001
  0.243000E+001  0.190200E+001
  0.243000E+001  0.281850E+001
  0.243000E+001  0.380700E+001
  0.245000E+001  0.196500E+001
  0.245000E+001  0.286050E+001
  0.245000E+001  0.383800E+001
  0.247000E+001  0.202650E+001
  0.247000E+001  0.290250E+001
  0.247000E+001  0.386950E+001
  0.249000E+001  0.208600E+001
  0.249000E+001  0.294450E+001
  0.249000E+001  0.390100E+001
  0.251000E+001  0.214500E+001
  0.251000E+001  0.298600E+001
  0.251000E+001  0.393200E+001
  0.253000E+001  0.220250E+001
  0.253000E+001  0.302700E+001
  0.253000E+001  0.396350E+001
  0.255000E+001  0.225850E+001
  0.255000E+001  0.306800E+001
  0.255000E+001  0.355250E+001
  0.255000E+001  0.399500E+001
  0.257000E+001  0.231400E+001
  0.257000E+001  0.310850E+001
  0.257000E+001  0.402600E+001
  0.259000E+001  0.236850E+001
  0.259000E+001  0.314900E+001
  0.259000E+001  0.405750E+001
  0.261000E+001  0.469500E+000
  0.261000E+001  0.242250E+001
  0.261000E+001  0.318950E+001
  0.261000E+001  0.408900E+001
  0.263000E+001  0.721000E+000
  0.263000E+001  0.247550E+001
  0.263000E+001  0.322950E+001
  0.263000E+001  0.412000E+001
  0.265000E+001  0.901000E+000
  0.265000E+001  0.252750E+001
  0.265000E+001  0.326950E+001
  0.265000E+001  0.415150E+001
  0.267000E+001  0.104850E+001
  0.267000E+001  0.257900E+001
  0.267000E+001  0.330950E+001
  0.267000E+001  0.418300E+001
  0.269000E+001  0.117650E+001
  0.269000E+001  0.262950E+001
  0.269000E+001  0.334900E+001
  0.269000E+001  0.379750E+001
  0.269000E+001  0.421400E+001
  0.271000E+001  0.129150E+001
  0.271000E+001  0.268000E+001
  0.271000E+001  0.338800E+001
  0.271000E+001  0.424550E+001
  0.273000E+001  0.139650E+001
  0.273000E+001  0.272950E+001
  0.273000E+001  0.342750E+001
  0.273000E+001  0.427700E+001
  0.275000E+001  0.149450E+001
  0.275000E+001  0.277850E+001
  0.275000E+001  0.346650E+001
  0.275000E+001  0.390200E+001
  0.275000E+001  0.430800E+001
  0.277000E+001  0.158650E+001
  0.277000E+001  0.282700E+001
  0.277000E+001  0.350550E+001
  0.277000E+001  0.419900E+001
  0.277000E+001  0.433950E+001
  0.279000E+001  0.167350E+001
  0.279000E+001  0.287500E+001
  0.279000E+001  0.354400E+001
  0.279000E+001  0.437100E+001
  0.281000E+001  0.175650E+001
  0.281000E+001  0.292250E+001
  0.281000E+001  0.358250E+001
  0.281000E+001  0.440200E+001
  0.283000E+001  0.183600E+001
  0.283000E+001  0.297000E+001
  0.283000E+001  0.362100E+001
  0.283000E+001  0.403950E+001
  0.283000E+001  0.443350E+001
  0.285000E+001  0.191200E+001
  0.285000E+001  0.301650E+001
  0.285000E+001  0.365950E+001
  0.285000E+001  0.446500E+001
  0.287000E+001  0.198600E+001
  0.287000E+001  0.306300E+001
  0.287000E+001  0.369750E+001
  0.287000E+001  0.449600E+001
  0.289000E+001  0.205750E+001
  0.289000E+001  0.310900E+001
  0.289000E+001  0.373550E+001
  0.289000E+001  0.452750E+001
  0.291000E+001  0.212700E+001
  0.291000E+001  0.315450E+001
  0.291000E+001  0.377350E+001
  0.291000E+001  0.455900E+001
  0.293000E+001  0.219450E+001
  0.293000E+001  0.319950E+001
  0.293000E+001  0.459000E+001
  0.295000E+001  0.226050E+001
  0.295000E+001  0.324450E+001
  0.295000E+001  0.384900E+001
  0.295000E+001  0.424500E+001
  0.295000E+001  0.462150E+001
  0.297000E+001  0.232500E+001
  0.297000E+001  0.328900E+001
  0.297000E+001  0.388650E+001
  0.297000E+001  0.465300E+001
  0.299000E+001  0.238800E+001
  0.299000E+001  0.333350E+001
  0.299000E+001  0.392400E+001
  0.299000E+001  0.468400E+001
  0.301000E+001  0.244950E+001
  0.301000E+001  0.337750E+001
  0.301000E+001  0.471550E+001
  0.303000E+001  0.251000E+001
  0.303000E+001  0.342100E+001
  0.303000E+001  0.399900E+001
  0.303000E+001  0.474700E+001
  0.305000E+001  0.256950E+001
  0.305000E+001  0.346450E+001
  0.305000E+001  0.441550E+001
  0.305000E+001  0.477800E+001
  0.307000E+001  0.204500E+000
  0.307000E+001  0.262800E+001
  0.307000E+001  0.350800E+001
  0.307000E+001  0.480950E+001
  0.309000E+001  0.637000E+000
  0.309000E+001  0.268550E+001
  0.309000E+001  0.355050E+001
  0.309000E+001  0.484100E+001
  0.311000E+001  0.870500E+000
  0.311000E+001  0.274200E+001
  0.311000E+001  0.359350E+001
  0.311000E+001  0.487200E+001
  0.313000E+001  0.105050E+001
  0.313000E+001  0.279800E+001
  0.313000E+001  0.363600E+001
  0.313000E+001  0.418350E+001
  0.313000E+001  0.490350E+001
  0.315000E+001  0.120150E+001
  0.315000E+001  0.285300E+001
  0.315000E+001  0.367800E+001
  0.315000E+001  0.422050E+001
  0.315000E+001  0.493500E+001
  0.317000E+001  0.133450E+001
  0.317000E+001  0.290700E+001
  0.317000E+001  0.372000E+001
  0.317000E+001  0.496600E+001
  0.319000E+001  0.145500E+001
  0.319000E+001  0.296050E+001
  0.319000E+001  0.376200E+001
  0.319000E+001  0.465150E+001
  0.319000E+001  0.499750E+001
  0.321000E+001  0.156550E+001
  0.321000E+001  0.301350E+001
  0.321000E+001  0.380350E+001
  0.321000E+001  0.502900E+001
  0.323000E+001  0.166900E+001
  0.323000E+001  0.306600E+001
  0.323000E+001  0.384500E+001
  0.323000E+001  0.436650E+001
  0.323000E+001  0.506000E+001
  0.325000E+001  0.176650E+001
  0.325000E+001  0.311800E+001
  0.325000E+001  0.388600E+001
  0.325000E+001  0.509150E+001
  0.327000E+001  0.185850E+001
  0.327000E+001  0.316900E+001
  0.327000E+001  0.392700E+001
  0.327000E+001  0.443900E+001
  0.327000E+001  0.512300E+001
  0.329000E+001  0.194650E+001
  0.329000E+001  0.321950E+001
  0.329000E+001  0.396800E+001
  0.329000E+001  0.515400E+001
  0.331000E+001  0.203100E+001
  0.331000E+001  0.327000E+001
  0.331000E+001  0.400850E+001
  0.331000E+001  0.506800E+001
  0.331000E+001  0.518550E+001
  0.333000E+001  0.211250E+001
  0.333000E+001  0.331950E+001
  0.333000E+001  0.404900E+001
  0.333000E+001  0.521700E+001
  0.335000E+001  0.219050E+001
  0.335000E+001  0.336900E+001
  0.335000E+001  0.408950E+001
  0.335000E+001  0.524800E+001
  0.337000E+001  0.226700E+001
  0.337000E+001  0.341750E+001
  0.337000E+001  0.412950E+001
  0.337000E+001  0.461900E+001
  0.337000E+001  0.527950E+001
  0.339000E+001  0.234050E+001
  0.339000E+001  0.346600E+001
  0.339000E+001  0.416950E+001
  0.339000E+001  0.531100E+001
  0.341000E+001  0.241250E+001
  0.341000E+001  0.351400E+001
  0.341000E+001  0.420950E+001
  0.341000E+001  0.469050E+001
  0.341000E+001  0.534200E+001
  0.343000E+001  0.248250E+001
  0.343000E+001  0.356150E+001
  0.343000E+001  0.424900E+001
  0.343000E+001  0.537350E+001
  0.345000E+001  0.255100E+001
  0.345000E+001  0.360900E+001
  0.345000E+001  0.428900E+001
  0.345000E+001  0.540500E+001
  0.347000E+001  0.261800E+001
  0.347000E+001  0.365600E+001
  0.347000E+001  0.432800E+001
  0.347000E+001  0.543600E+001
  0.349000E+001  0.268350E+001
  0.349000E+001  0.370250E+001
  0.349000E+001  0.436750E+001
  0.349000E+001  0.546750E+001
  0.351000E+001  0.274750E+001
  0.351000E+001  0.374900E+001
  0.351000E+001  0.440650E+001
  0.351000E+001  0.549900E+001
  0.353000E+001  0.281050E+001
  0.353000E+001  0.379450E+001
  0.353000E+001  0.444600E+001
  0.353000E+001  0.553000E+001
  0.355000E+001  0.468500E+000
  0.355000E+001  0.287250E+001
  0.355000E+001  0.384050E+001
  0.355000E+001  0.448450E+001
  0.355000E+001  0.556150E+001
  0.357000E+001  0.797000E+000
  0.357000E+001  0.293350E+001
  0.357000E+001  0.388550E+001
  0.357000E+001  0.452350E+001
  0.357000E+001  0.559300E+001
  0.359000E+001  0.102000E+001
  0.359000E+001  0.299350E+001
  0.359000E+001  0.393100E+001
  0.359000E+001  0.456250E+001
  0.359000E+001  0.562400E+001
  0.361000E+001  0.119950E+001
  0.361000E+001  0.305300E+001
  0.361000E+001  0.397550E+001
  0.361000E+001  0.460100E+001
  0.361000E+001  0.504450E+001
  0.361000E+001  0.565550E+001
  0.363000E+001  0.135350E+001
  0.363000E+001  0.311100E+001
  0.363000E+001  0.402000E+001
  0.363000E+001  0.463950E+001
  0.363000E+001  0.568700E+001
  0.365000E+001  0.149050E+001
  0.365000E+001  0.316850E+001
  0.365000E+001  0.406450E+001
  0.365000E+001  0.467750E+001
  0.365000E+001  0.571800E+001
  0.367000E+001  0.161550E+001
  0.367000E+001  0.322550E+001
  0.367000E+001  0.410850E+001
  0.367000E+001  0.471600E+001
  0.367000E+001  0.574950E+001
  0.369000E+001  0.173100E+001
  0.369000E+001  0.328150E+001
  0.369000E+001  0.415250E+001
  0.369000E+001  0.475400E+001
  0.369000E+001  0.578100E+001
  0.371000E+001  0.183900E+001
  0.371000E+001  0.333650E+001
  0.371000E+001  0.419600E+001
  0.371000E+001  0.479250E+001
  0.371000E+001  0.581200E+001
  0.373000E+001  0.194100E+001
  0.373000E+001  0.339150E+001
  0.373000E+001  0.423950E+001
  0.373000E+001  0.483000E+001
  0.373000E+001  0.525400E+001
  0.373000E+001  0.584350E+001
  0.375000E+001  0.203800E+001
  0.375000E+001  0.344550E+001
  0.375000E+001  0.428250E+001
  0.375000E+001  0.486800E+001
  0.375000E+001  0.587500E+001
  0.377000E+001  0.213050E+001
  0.377000E+001  0.349900E+001
  0.377000E+001  0.432550E+001
  0.377000E+001  0.490600E+001
  0.377000E+001  0.590600E+001
  0.379000E+001  0.221950E+001
  0.379000E+001  0.355200E+001
  0.379000E+001  0.436850E+001
  0.379000E+001  0.494350E+001
  0.379000E+001  0.593750E+001
  0.381000E+001  0.230500E+001
  0.381000E+001  0.360450E+001
  0.381000E+001  0.441100E+001
  0.381000E+001  0.498100E+001
  0.381000E+001  0.539350E+001
  0.381000E+001  0.596900E+001
  0.383000E+001  0.238750E+001
  0.383000E+001  0.365650E+001
  0.383000E+001  0.445300E+001
  0.383000E+001  0.501850E+001
  0.383000E+001  0.600000E+001
  0.385000E+001  0.246800E+001
  0.385000E+001  0.370800E+001
  0.385000E+001  0.449550E+001
  0.385000E+001  0.505600E+001
  0.385000E+001  0.574800E+001
  0.385000E+001  0.603150E+001
  0.387000E+001  0.254550E+001
  0.387000E+001  0.375900E+001
  0.387000E+001  0.453750E+001
  0.387000E+001  0.509350E+001
  0.387000E+001  0.606300E+001
  0.389000E+001  0.262150E+001
  0.389000E+001  0.380950E+001
  0.389000E+001  0.457950E+001
  0.389000E+001  0.513100E+001
  0.389000E+001  0.553150E+001
  0.389000E+001  0.609400E+001
  0.391000E+001  0.269500E+001
  0.391000E+001  0.386000E+001
  0.391000E+001  0.462100E+001
  0.391000E+001  0.516800E+001
  0.391000E+001  0.556600E+001
  0.391000E+001  0.612550E+001
  0.393000E+001  0.276700E+001
  0.393000E+001  0.390950E+001
  0.393000E+001  0.466250E+001
  0.393000E+001  0.520500E+001
  0.393000E+001  0.615700E+001
  0.395000E+001  0.283750E+001
  0.395000E+001  0.395900E+001
  0.395000E+001  0.470400E+001
  0.395000E+001  0.524200E+001
  0.395000E+001  0.618800E+001
  0.397000E+001  0.290700E+001
  0.397000E+001  0.400800E+001
  0.397000E+001  0.474500E+001
  0.397000E+001  0.527900E+001
  0.397000E+001  0.621950E+001
  0.399000E+001  0.297450E+001
  0.399000E+001  0.405650E+001
  0.399000E+001  0.478600E+001
  0.399000E+001  0.625100E+001
