  0.100000E-001  0.000000E+000
  0.150000E-001  0.000000E+000
  0.200000E-001  0.000000E+000
  0.250000E-001  0.000000E+000
  0.300000E-001  0.800000E-001
  0.350000E-001  0.930000E-001
  0.400000E-001  0.106500E+000
  0.450000E-001  0.120000E+000
  0.500000E-001  0.133000E+000
  0.550000E-001  0.146500E+000
  0.600000E-001  0.160000E+000
  0.650000E-001  0.173000E+000
  0.700000E-001  0.186500E+000
  0.750000E-001  0.199500E+000
  0.800000E-001  0.213000E+000
  0.850000E-001  0.226500E+000
  0.900000E-001  0.239500E+000
  0.950000E-001  0.253000E+000
  0.100000E+000  0.266500E+000
  0.105000E+000  0.279500E+000
  0.110000E+000  0.293000E+000
  0.115000E+000  0.306000E+000
  0.120000E+000  0.319500E+000
  0.125000E+000  0.333000E+000
  0.130000E+000  0.346000E+000
  0.135000E+000  0.359500E+000
  0.140000E+000  0.373000E+000
  0.145000E+000  0.386000E+000
  0.150000E+000  0.399500E+000
  0.155000E+000  0.412500E+000
  0.160000E+000  0.426000E+000
  0.165000E+000  0.439500E+000
  0.170000E+000  0.452500E+000
  0.175000E+000  0.466000E+000
  0.180000E+000  0.479500E+000
  0.185000E+000  0.492500E+000
  0.190000E+000  0.506000E+000
  0.195000E+000  0.519000E+000
  0.200000E+000  0.532500E+000
  0.205000E+000  0.546000E+000
  0.210000E+000  0.559000E+000
  0.215000E+000  0.572500E+000
  0.220000E+000  0.586000E+000
  0.225000E+000  0.599000E+000
  0.230000E+000  0.612500E+000
  0.235000E+000  0.625500E+000
  0.240000E+000  0.639000E+000
  0.245000E+000  0.652500E+000
  0.250000E+000  0.665500E+000
  0.255000E+000  0.679000E+000
  0.260000E+000  0.692500E+000
  0.265000E+000  0.705500E+000
  0.270000E+000  0.719000E+000
  0.275000E+000  0.732000E+000
  0.280000E+000  0.745500E+000
  0.285000E+000  0.759000E+000
  0.290000E+000  0.772000E+000
  0.295000E+000  0.785500E+000
  0.300000E+000  0.799000E+000
  0.305000E+000  0.812000E+000
  0.310000E+000  0.825500E+000
  0.315000E+000  0.838500E+000
  0.320000E+000  0.852000E+000
  0.325000E+000  0.865500E+000
  0.330000E+000  0.878500E+000
  0.335000E+000  0.892000E+000
  0.340000E+000  0.905500E+000
  0.345000E+000  0.918500E+000
  0.350000E+000  0.932000E+000
  0.355000E+000  0.945000E+000
  0.360000E+000  0.958500E+000
  0.365000E+000  0.972000E+000
  0.370000E+000  0.985000E+000
  0.375000E+000  0.998500E+000
  0.380000E+000  0.101200E+001
  0.385000E+000  0.102500E+001
  0.390000E+000  0.103850E+001
  0.395000E+000  0.105150E+001
  0.400000E+000  0.106500E+001
  0.405000E+000  0.107850E+001
  0.410000E+000  0.109150E+001
  0.415000E+000  0.110500E+001
  0.420000E+000  0.111850E+001
  0.425000E+000  0.379000E+000
  0.425000E+000  0.113150E+001
  0.430000E+000  0.114500E+001
  0.435000E+000  0.115800E+001
  0.440000E+000  0.117150E+001
  0.445000E+000  0.118500E+001
  0.450000E+000  0.119800E+001
  0.455000E+000  0.121150E+001
  0.460000E+000  0.122500E+001
  0.465000E+000  0.123800E+001
  0.470000E+000  0.125150E+001
  0.475000E+000  0.126450E+001
  0.480000E+000  0.127800E+001
  0.485000E+000  0.129150E+001
  0.490000E+000  0.130450E+001
  0.495000E+000  0.131800E+001
  0.500000E+000  0.133150E+001
  0.505000E+000  0.134450E+001
  0.510000E+000  0.135800E+001
  0.515000E+000  0.137100E+001
  0.520000E+000  0.138450E+001
  0.525000E+000  0.139800E+001
  0.530000E+000  0.141100E+001
  0.535000E+000  0.142450E+001
  0.540000E+000  0.143800E+001
  0.545000E+000  0.145100E+001
  0.550000E+000  0.146450E+001
  0.555000E+000  0.147750E+001
  0.560000E+000  0.149100E+001
  0.565000E+000  0.150450E+001
  0.570000E+000  0.151750E+001
  0.575000E+000  0.153100E+001
  0.580000E+000  0.154450E+001
  0.585000E+000  0.155750E+001
  0.590000E+000  0.157100E+001
  0.595000E+000  0.158400E+001
  0.600000E+000  0.120100E+001
  0.600000E+000  0.159750E+001
  0.605000E+000  0.121900E+001
  0.605000E+000  0.161100E+001
  0.610000E+000  0.162400E+001
  0.615000E+000  0.163750E+001
  0.620000E+000  0.165100E+001
  0.625000E+000  0.166400E+001
  0.630000E+000  0.167750E+001
  0.635000E+000  0.169050E+001
  0.640000E+000  0.170400E+001
  0.645000E+000  0.135850E+001
  0.645000E+000  0.171750E+001
  0.650000E+000  0.137600E+001
  0.650000E+000  0.173050E+001
  0.655000E+000  0.139300E+001
  0.655000E+000  0.174400E+001
  0.660000E+000  0.140950E+001
  0.660000E+000  0.175750E+001
  0.665000E+000  0.177050E+001
  0.670000E+000  0.178400E+001
  0.675000E+000  0.179700E+001
  0.680000E+000  0.181050E+001
  0.685000E+000  0.182400E+001
  0.690000E+000  0.183700E+001
  0.695000E+000  0.185050E+001
  0.700000E+000  0.186400E+001
  0.705000E+000  0.155900E+001
  0.705000E+000  0.187700E+001
  0.710000E+000  0.189050E+001
  0.715000E+000  0.190350E+001
  0.720000E+000  0.191700E+001
  0.725000E+000  0.193050E+001
  0.730000E+000  0.194350E+001
  0.735000E+000  0.195700E+001
  0.740000E+000  0.197050E+001
  0.745000E+000  0.198350E+001
  0.750000E+000  0.199700E+001
  0.755000E+000  0.201050E+001
  0.760000E+000  0.173450E+001
  0.760000E+000  0.202350E+001
  0.765000E+000  0.203700E+001
  0.770000E+000  0.205000E+001
  0.775000E+000  0.178200E+001
  0.775000E+000  0.206350E+001
  0.780000E+000  0.207700E+001
  0.785000E+000  0.209000E+001
  0.790000E+000  0.210350E+001
  0.795000E+000  0.211700E+001
  0.800000E+000  0.213000E+001
  0.805000E+000  0.214350E+001
  0.810000E+000  0.215650E+001
  0.815000E+000  0.190550E+001
  0.815000E+000  0.217000E+001
  0.820000E+000  0.218350E+001
  0.825000E+000  0.219650E+001
  0.830000E+000  0.221000E+001
  0.835000E+000  0.196700E+001
  0.835000E+000  0.222350E+001
  0.840000E+000  0.223650E+001
  0.845000E+000  0.225000E+001
  0.850000E+000  0.226300E+001
  0.855000E+000  0.227650E+001
  0.860000E+000  0.204250E+001
  0.860000E+000  0.229000E+001
  0.865000E+000  0.205750E+001
  0.865000E+000  0.230300E+001
  0.870000E+000  0.207300E+001
  0.870000E+000  0.231650E+001
  0.875000E+000  0.208800E+001
  0.875000E+000  0.233000E+001
  0.880000E+000  0.210300E+001
  0.880000E+000  0.234300E+001
  0.885000E+000  0.211800E+001
  0.885000E+000  0.235650E+001
  0.890000E+000  0.213300E+001
  0.890000E+000  0.236950E+001
  0.895000E+000  0.214750E+001
  0.895000E+000  0.238300E+001
  0.900000E+000  0.216250E+001
  0.900000E+000  0.239650E+001
  0.905000E+000  0.240950E+001
  0.910000E+000  0.242300E+001
  0.915000E+000  0.243650E+001
  0.920000E+000  0.244950E+001
  0.925000E+000  0.246300E+001
  0.930000E+000  0.225150E+001
  0.930000E+000  0.247600E+001
  0.935000E+000  0.248950E+001
  0.940000E+000  0.250300E+001
  0.945000E+000  0.251600E+001
  0.950000E+000  0.231050E+001
  0.950000E+000  0.252950E+001
  0.955000E+000  0.254300E+001
  0.960000E+000  0.255600E+001
  0.965000E+000  0.235500E+001
  0.965000E+000  0.256950E+001
  0.970000E+000  0.258250E+001
  0.975000E+000  0.259600E+001
  0.980000E+000  0.239850E+001
  0.980000E+000  0.260950E+001
  0.985000E+000  0.262250E+001
  0.990000E+000  0.263600E+001
  0.995000E+000  0.264950E+001
  0.100000E+001  0.266250E+001
  0.100500E+001  0.247150E+001
  0.100500E+001  0.267600E+001
  0.101000E+001  0.268900E+001
  0.101500E+001  0.250050E+001
  0.101500E+001  0.270250E+001
  0.102000E+001  0.271600E+001
  0.102500E+001  0.252950E+001
  0.102500E+001  0.272900E+001
  0.103000E+001  0.274250E+001
  0.103500E+001  0.275600E+001
  0.104000E+001  0.276900E+001
  0.104500E+001  0.278250E+001
  0.105000E+001  0.260200E+001
  0.105000E+001  0.279550E+001
  0.105500E+001  0.280900E+001
  0.106000E+001  0.263050E+001
  0.106000E+001  0.282250E+001
  0.106500E+001  0.283550E+001
  0.107000E+001  0.284900E+001
  0.107500E+001  0.267400E+001
  0.107500E+001  0.286250E+001
  0.108000E+001  0.287550E+001
  0.108500E+001  0.288900E+001
  0.109000E+001  0.271700E+001
  0.109000E+001  0.290200E+001
  0.109500E+001  0.291550E+001
  0.110000E+001  0.292900E+001
  0.110500E+001  0.276000E+001
  0.110500E+001  0.294200E+001
  0.111000E+001  0.295550E+001
  0.111500E+001  0.296900E+001
  0.112000E+001  0.280250E+001
  0.112000E+001  0.298200E+001
  0.112500E+001  0.281700E+001
  0.112500E+001  0.299550E+001
  0.113000E+001  0.300850E+001
  0.113500E+001  0.302200E+001
  0.114000E+001  0.285950E+001
  0.114000E+001  0.303550E+001
  0.114500E+001  0.287400E+001
  0.114500E+001  0.304850E+001
  0.115000E+001  0.306200E+001
  0.115500E+001  0.307550E+001
  0.116000E+001  0.308850E+001
  0.116500E+001  0.293050E+001
  0.116500E+001  0.310200E+001
  0.117000E+001  0.294500E+001
  0.117000E+001  0.311500E+001
  0.117500E+001  0.312850E+001
  0.118000E+001  0.314200E+001
  0.118500E+001  0.315500E+001
  0.119000E+001  0.316850E+001
  0.119500E+001  0.301550E+001
  0.119500E+001  0.318200E+001
  0.120000E+001  0.302950E+001
  0.120000E+001  0.319500E+001
  0.120500E+001  0.304400E+001
  0.120500E+001  0.320850E+001
  0.121000E+001  0.322150E+001
  0.121500E+001  0.323500E+001
  0.122000E+001  0.324850E+001
  0.122500E+001  0.326150E+001
  0.123000E+001  0.327500E+001
  0.123500E+001  0.328850E+001
  0.124000E+001  0.330150E+001
  0.124500E+001  0.315650E+001
  0.124500E+001  0.331500E+001
  0.125000E+001  0.317050E+001
  0.125000E+001  0.332800E+001
  0.125500E+001  0.318450E+001
  0.125500E+001  0.334150E+001
  0.126000E+001  0.319850E+001
  0.126000E+001  0.335500E+001
  0.126500E+001  0.321250E+001
  0.126500E+001  0.336800E+001
  0.127000E+001  0.322650E+001
  0.127000E+001  0.338150E+001
  0.127500E+001  0.113700E+001
  0.127500E+001  0.324100E+001
  0.127500E+001  0.339500E+001
  0.128000E+001  0.325500E+001
  0.128000E+001  0.340800E+001
  0.128500E+001  0.326900E+001
  0.128500E+001  0.342150E+001
  0.129000E+001  0.328300E+001
  0.129000E+001  0.343450E+001
  0.129500E+001  0.329700E+001
  0.129500E+001  0.344800E+001
  0.130000E+001  0.331100E+001
  0.130000E+001  0.346150E+001
  0.130500E+001  0.332500E+001
  0.130500E+001  0.347450E+001
  0.131000E+001  0.333850E+001
  0.131000E+001  0.348800E+001
  0.131500E+001  0.335250E+001
  0.131500E+001  0.350150E+001
  0.132000E+001  0.336650E+001
  0.132000E+001  0.351450E+001
  0.132500E+001  0.338050E+001
  0.132500E+001  0.352800E+001
  0.133000E+001  0.339450E+001
  0.133000E+001  0.354100E+001
  0.133500E+001  0.340850E+001
  0.133500E+001  0.355450E+001
  0.134000E+001  0.356800E+001
  0.134500E+001  0.161950E+001
  0.134500E+001  0.343650E+001
  0.134500E+001  0.358100E+001
  0.135000E+001  0.359450E+001
  0.135500E+001  0.360800E+001
  0.136000E+001  0.362100E+001
  0.136500E+001  0.363450E+001
  0.137000E+001  0.364750E+001
  0.137500E+001  0.352000E+001
  0.137500E+001  0.366100E+001
  0.138000E+001  0.353400E+001
  0.138000E+001  0.367450E+001
  0.138500E+001  0.354800E+001
  0.138500E+001  0.368750E+001
  0.139000E+001  0.356150E+001
  0.139000E+001  0.370100E+001
  0.139500E+001  0.357550E+001
  0.139500E+001  0.371450E+001
  0.140000E+001  0.372750E+001
  0.140500E+001  0.374100E+001
  0.141000E+001  0.375400E+001
  0.141500E+001  0.376750E+001
  0.142000E+001  0.364500E+001
  0.142000E+001  0.378100E+001
  0.142500E+001  0.365900E+001
  0.142500E+001  0.379400E+001
  0.143000E+001  0.367250E+001
  0.143000E+001  0.380750E+001
  0.143500E+001  0.210650E+001
  0.143500E+001  0.382100E+001
  0.144000E+001  0.383400E+001
  0.144500E+001  0.215550E+001
  0.144500E+001  0.371400E+001
  0.144500E+001  0.384750E+001
  0.145000E+001  0.386050E+001
  0.145500E+001  0.374200E+001
  0.145500E+001  0.387400E+001
  0.146000E+001  0.222750E+001
  0.146000E+001  0.388750E+001
  0.146500E+001  0.376950E+001
  0.146500E+001  0.390050E+001
  0.147000E+001  0.391400E+001
  0.147500E+001  0.392750E+001
  0.148000E+001  0.381100E+001
  0.148000E+001  0.394050E+001
  0.148500E+001  0.382500E+001
  0.148500E+001  0.395400E+001
  0.149000E+001  0.383850E+001
  0.149000E+001  0.396700E+001
  0.149500E+001  0.398050E+001
  0.150000E+001  0.399400E+001
  0.150500E+001  0.400700E+001
  0.151000E+001  0.389400E+001
  0.151000E+001  0.402050E+001
  0.151500E+001  0.390750E+001
  0.151500E+001  0.403400E+001
  0.152000E+001  0.404700E+001
  0.152500E+001  0.406050E+001
  0.153000E+001  0.394900E+001
  0.153000E+001  0.407350E+001
  0.153500E+001  0.396300E+001
  0.153500E+001  0.408700E+001
  0.154000E+001  0.258850E+001
  0.154000E+001  0.410050E+001
  0.154500E+001  0.411350E+001
  0.155000E+001  0.412700E+001
  0.155500E+001  0.265300E+001
  0.155500E+001  0.401800E+001
  0.155500E+001  0.414050E+001
  0.156000E+001  0.403150E+001
  0.156000E+001  0.415350E+001
  0.156500E+001  0.416700E+001
  0.157000E+001  0.418050E+001
  0.157500E+001  0.407300E+001
  0.157500E+001  0.419350E+001
  0.158000E+001  0.275750E+001
  0.158000E+001  0.420700E+001
  0.158500E+001  0.422000E+001
  0.159000E+001  0.423350E+001
  0.159500E+001  0.412800E+001
  0.159500E+001  0.424700E+001
  0.160000E+001  0.414150E+001
  0.160000E+001  0.426000E+001
  0.160500E+001  0.427350E+001
  0.161000E+001  0.416900E+001
  0.161000E+001  0.428700E+001
  0.161500E+001  0.290050E+001
  0.161500E+001  0.430000E+001
  0.162000E+001  0.292100E+001
  0.162000E+001  0.419650E+001
  0.162000E+001  0.431350E+001
  0.162500E+001  0.294100E+001
  0.162500E+001  0.432650E+001
  0.163000E+001  0.296100E+001
  0.163000E+001  0.422400E+001
  0.163000E+001  0.434000E+001
  0.163500E+001  0.298050E+001
  0.163500E+001  0.435350E+001
  0.164000E+001  0.436650E+001
  0.164500E+001  0.426500E+001
  0.164500E+001  0.438000E+001
  0.165000E+001  0.304000E+001
  0.165000E+001  0.427850E+001
  0.165000E+001  0.439350E+001
  0.165500E+001  0.440650E+001
  0.166000E+001  0.442000E+001
  0.166500E+001  0.432000E+001
  0.166500E+001  0.443300E+001
  0.167000E+001  0.311800E+001
  0.167000E+001  0.433350E+001
  0.167000E+001  0.444650E+001
  0.167500E+001  0.446000E+001
  0.168000E+001  0.436100E+001
  0.168000E+001  0.447300E+001
  0.168500E+001  0.317550E+001
  0.168500E+001  0.448650E+001
  0.169000E+001  0.319500E+001
  0.169000E+001  0.450000E+001
  0.169500E+001  0.440200E+001
  0.169500E+001  0.451300E+001
  0.170000E+001  0.441550E+001
  0.170000E+001  0.452650E+001
  0.170500E+001  0.453950E+001
  0.171000E+001  0.327100E+001
  0.171000E+001  0.444300E+001
  0.171000E+001  0.455300E+001
  0.171500E+001  0.328950E+001
  0.171500E+001  0.456650E+001
  0.172000E+001  0.457950E+001
  0.172500E+001  0.448400E+001
  0.172500E+001  0.459300E+001
  0.173000E+001  0.449750E+001
  0.173000E+001  0.460650E+001
  0.173500E+001  0.336450E+001
  0.173500E+001  0.451150E+001
  0.173500E+001  0.461950E+001
  0.174000E+001  0.452500E+001
  0.174000E+001  0.463300E+001
  0.174500E+001  0.340200E+001
  0.174500E+001  0.453850E+001
  0.174500E+001  0.464600E+001
  0.175000E+001  0.465950E+001
  0.175500E+001  0.343900E+001
  0.175500E+001  0.456600E+001
  0.175500E+001  0.467300E+001
  0.176000E+001  0.457950E+001
  0.176000E+001  0.468600E+001
  0.176500E+001  0.469950E+001
  0.177000E+001  0.349400E+001
  0.177000E+001  0.460700E+001
  0.177000E+001  0.471300E+001
  0.177500E+001  0.462050E+001
  0.177500E+001  0.472600E+001
  0.178000E+001  0.473950E+001
  0.178500E+001  0.464800E+001
  0.178500E+001  0.475250E+001
  0.179000E+001  0.356650E+001
  0.179000E+001  0.466150E+001
  0.179000E+001  0.476600E+001
  0.179500E+001  0.358500E+001
  0.179500E+001  0.477950E+001
  0.180000E+001  0.360300E+001
  0.180000E+001  0.468900E+001
  0.180000E+001  0.479250E+001
  0.180500E+001  0.362100E+001
  0.180500E+001  0.470250E+001
  0.180500E+001  0.480600E+001
  0.181000E+001  0.363900E+001
  0.181000E+001  0.481950E+001
  0.181500E+001  0.365700E+001
  0.181500E+001  0.472950E+001
  0.181500E+001  0.483250E+001
  0.182000E+001  0.367450E+001
  0.182000E+001  0.474350E+001
  0.182000E+001  0.484600E+001
  0.182500E+001  0.475700E+001
  0.182500E+001  0.485900E+001
  0.183000E+001  0.477050E+001
  0.183000E+001  0.487250E+001
  0.183500E+001  0.488600E+001
  0.184000E+001  0.374600E+001
  0.184000E+001  0.479800E+001
  0.184000E+001  0.489900E+001
  0.184500E+001  0.376350E+001
  0.184500E+001  0.481150E+001
  0.184500E+001  0.491250E+001
  0.185000E+001  0.482500E+001
  0.185000E+001  0.492600E+001
  0.185500E+001  0.483850E+001
  0.185500E+001  0.493900E+001
  0.186000E+001  0.495250E+001
  0.186500E+001  0.486600E+001
  0.186500E+001  0.496550E+001
  0.187000E+001  0.385150E+001
  0.187000E+001  0.487950E+001
  0.187000E+001  0.497900E+001
  0.187500E+001  0.499250E+001
  0.188000E+001  0.388650E+001
  0.188000E+001  0.500550E+001
  0.188500E+001  0.501900E+001
  0.189000E+001  0.493400E+001
  0.189000E+001  0.503250E+001
  0.189500E+001  0.393900E+001
  0.189500E+001  0.494750E+001
  0.189500E+001  0.504550E+001
  0.190000E+001  0.505900E+001
  0.190500E+001  0.497450E+001
  0.190500E+001  0.507200E+001
  0.191000E+001  0.399100E+001
  0.191000E+001  0.508550E+001
  0.191500E+001  0.500200E+001
  0.191500E+001  0.509900E+001
  0.192000E+001  0.501550E+001
  0.192000E+001  0.511200E+001
  0.192500E+001  0.512550E+001
  0.193000E+001  0.405950E+001
  0.193000E+001  0.513900E+001
  0.193500E+001  0.407650E+001
  0.193500E+001  0.505650E+001
  0.193500E+001  0.515200E+001
  0.194000E+001  0.409400E+001
  0.194000E+001  0.507000E+001
  0.194000E+001  0.516550E+001
  0.194500E+001  0.411100E+001
  0.194500E+001  0.508350E+001
  0.194500E+001  0.517850E+001
  0.195000E+001  0.412800E+001
  0.195000E+001  0.509700E+001
  0.195000E+001  0.519200E+001
  0.195500E+001  0.414500E+001
  0.195500E+001  0.511050E+001
  0.195500E+001  0.520550E+001
  0.196000E+001  0.416200E+001
  0.196000E+001  0.521850E+001
  0.196500E+001  0.417900E+001
  0.196500E+001  0.513800E+001
  0.196500E+001  0.523200E+001
  0.197000E+001  0.419600E+001
  0.197000E+001  0.524550E+001
  0.197500E+001  0.421250E+001
  0.197500E+001  0.516500E+001
  0.197500E+001  0.525850E+001
  0.198000E+001  0.422950E+001
  0.198000E+001  0.517850E+001
  0.198000E+001  0.527200E+001
  0.198500E+001  0.528500E+001
  0.199000E+001  0.520550E+001
  0.199000E+001  0.529850E+001
  0.199500E+001  0.531200E+001
  0.200000E+001  0.429700E+001
  0.200000E+001  0.523300E+001
  0.200000E+001  0.532500E+001
  0.200500E+001  0.431350E+001
  0.200500E+001  0.524650E+001
  0.200500E+001  0.533850E+001
