  0.100000E+001  0.533001E+000  0.235766E+001
  0.102500E+001  0.546501E+000  0.235691E+001
  0.105000E+001  0.560001E+000  0.235619E+001
  0.107500E+001  0.573001E+000  0.235756E+001
  0.110000E+001  0.586501E+000  0.235686E+001
  0.112500E+001  0.600001E+000  0.235619E+001
  0.115000E+001  0.613001E+000  0.235747E+001
  0.117500E+001  0.626501E+000  0.235682E+001
  0.120000E+001  0.640001E+000  0.235619E+001
  0.122500E+001  0.653001E+000  0.235739E+001
  0.125000E+001  0.666501E+000  0.235678E+001
  0.127500E+001  0.680001E+000  0.235619E+001
  0.130000E+001  0.693001E+000  0.235732E+001
  0.132500E+001  0.706501E+000  0.235675E+001
  0.135000E+001  0.720001E+000  0.235619E+001
  0.137500E+001  0.733001E+000  0.235726E+001
  0.140000E+001  0.746501E+000  0.235672E+001
  0.142500E+001  0.760001E+000  0.235619E+001
  0.145000E+001  0.773001E+000  0.235721E+001
  0.147500E+001  0.786501E+000  0.235669E+001
  0.150000E+001  0.800001E+000  0.235619E+001
  0.152500E+001  0.813001E+000  0.235716E+001
  0.155000E+001  0.826501E+000  0.235667E+001
  0.157500E+001  0.839501E+000  0.235760E+001
  0.160000E+001  0.853001E+000  0.235711E+001
  0.162500E+001  0.866501E+000  0.235664E+001
  0.165000E+001  0.879501E+000  0.235753E+001
  0.167500E+001  0.893001E+000  0.235707E+001
  0.170000E+001  0.906501E+000  0.235663E+001
  0.172500E+001  0.919501E+000  0.235747E+001
  0.175000E+001  0.933001E+000  0.235703E+001
  0.177500E+001  0.946501E+000  0.235661E+001
  0.180000E+001  0.959501E+000  0.235742E+001
  0.182500E+001  0.973001E+000  0.235700E+001
  0.185000E+001  0.986501E+000  0.235659E+001
  0.187500E+001  0.999501E+000  0.235737E+001
  0.190000E+001  0.101300E+001  0.235697E+001
  0.192500E+001  0.102650E+001  0.235657E+001
  0.195000E+001  0.103950E+001  0.235733E+001
  0.197500E+001  0.105300E+001  0.235694E+001
  0.200000E+001  0.106650E+001  0.235656E+001
  0.202500E+001  0.107950E+001  0.235728E+001
  0.205000E+001  0.109300E+001  0.235691E+001
  0.207500E+001  0.110650E+001  0.235655E+001
  0.210000E+001  0.111950E+001  0.235724E+001
  0.212500E+001  0.113300E+001  0.235689E+001
  0.215000E+001  0.114650E+001  0.235653E+001
  0.217500E+001  0.453501E+000  0.602686E+001
  0.217500E+001  0.115950E+001  0.235721E+001
  0.220000E+001  0.117300E+001  0.235686E+001
  0.222500E+001  0.118650E+001  0.235652E+001
  0.225000E+001  0.119950E+001  0.235717E+001
  0.227500E+001  0.121300E+001  0.235684E+001
  0.230000E+001  0.122650E+001  0.235651E+001
  0.232500E+001  0.123950E+001  0.235714E+001
  0.235000E+001  0.125300E+001  0.235682E+001
  0.237500E+001  0.126650E+001  0.235650E+001
  0.240000E+001  0.127950E+001  0.235711E+001
  0.242500E+001  0.129300E+001  0.235680E+001
  0.245000E+001  0.130650E+001  0.235649E+001
  0.247500E+001  0.131950E+001  0.235709E+001
  0.250000E+001  0.133300E+001  0.235678E+001
  0.252500E+001  0.134650E+001  0.235648E+001
  0.255000E+001  0.135950E+001  0.235706E+001
  0.257500E+001  0.137300E+001  0.235676E+001
  0.260000E+001  0.138650E+001  0.235648E+001
  0.262500E+001  0.139950E+001  0.235703E+001
  0.265000E+001  0.141300E+001  0.235675E+001
  0.267500E+001  0.142600E+001  0.235729E+001
  0.270000E+001  0.143950E+001  0.235701E+001
  0.272500E+001  0.145300E+001  0.235673E+001
  0.275000E+001  0.146600E+001  0.235726E+001
  0.277500E+001  0.147950E+001  0.235699E+001
  0.280000E+001  0.149300E+001  0.235672E+001
  0.282500E+001  0.150600E+001  0.235724E+001
  0.285000E+001  0.151950E+001  0.235697E+001
  0.287500E+001  0.153300E+001  0.235671E+001
  0.290000E+001  0.154600E+001  0.235721E+001
  0.292500E+001  0.155950E+001  0.235695E+001
  0.295000E+001  0.157300E+001  0.235669E+001
  0.297500E+001  0.118300E+001  0.316018E+001
  0.297500E+001  0.158600E+001  0.235718E+001
  0.300000E+001  0.159950E+001  0.235693E+001
  0.302500E+001  0.161300E+001  0.235668E+001
  0.305000E+001  0.123650E+001  0.309967E+001
  0.305000E+001  0.162600E+001  0.235716E+001
  0.307500E+001  0.163950E+001  0.235691E+001
  0.310000E+001  0.165300E+001  0.235667E+001
  0.312500E+001  0.166600E+001  0.235714E+001
  0.315000E+001  0.167950E+001  0.235689E+001
  0.317500E+001  0.169300E+001  0.235666E+001
  0.320000E+001  0.170600E+001  0.235711E+001
  0.322500E+001  0.171950E+001  0.235688E+001
  0.325000E+001  0.173300E+001  0.235665E+001
  0.327500E+001  0.174600E+001  0.235709E+001
  0.330000E+001  0.175950E+001  0.235686E+001
  0.332500E+001  0.177300E+001  0.235664E+001
  0.335000E+001  0.178600E+001  0.235707E+001
  0.337500E+001  0.179950E+001  0.235685E+001
  0.340000E+001  0.147700E+001  0.289273E+001
  0.340000E+001  0.181300E+001  0.235663E+001
  0.342500E+001  0.182600E+001  0.235705E+001
  0.345000E+001  0.151000E+001  0.287112E+001
  0.345000E+001  0.183950E+001  0.235683E+001
  0.347500E+001  0.185300E+001  0.235662E+001
  0.350000E+001  0.186600E+001  0.235704E+001
  0.352500E+001  0.187950E+001  0.235682E+001
  0.355000E+001  0.189300E+001  0.235661E+001
  0.357500E+001  0.190600E+001  0.235702E+001
  0.360000E+001  0.191950E+001  0.235681E+001
  0.362500E+001  0.193300E+001  0.235660E+001
  0.365000E+001  0.163950E+001  0.279763E+001
  0.365000E+001  0.194600E+001  0.235700E+001
  0.367500E+001  0.165550E+001  0.278957E+001
  0.367500E+001  0.195950E+001  0.235679E+001
  0.370000E+001  0.197250E+001  0.235719E+001
  0.372500E+001  0.198600E+001  0.235698E+001
  0.375000E+001  0.199950E+001  0.235678E+001
  0.377500E+001  0.201250E+001  0.235717E+001
  0.380000E+001  0.202600E+001  0.235697E+001
  0.382500E+001  0.175050E+001  0.274586E+001
  0.382500E+001  0.203950E+001  0.235677E+001
  0.385000E+001  0.205250E+001  0.235715E+001
  0.387500E+001  0.206600E+001  0.235695E+001
  0.390000E+001  0.179750E+001  0.272650E+001
  0.390000E+001  0.207950E+001  0.235676E+001
  0.392500E+001  0.209250E+001  0.235713E+001
  0.395000E+001  0.182900E+001  0.271389E+001
  0.395000E+001  0.210600E+001  0.235694E+001
  0.397500E+001  0.211950E+001  0.235675E+001
  0.400000E+001  0.186000E+001  0.270244E+001
  0.400000E+001  0.213250E+001  0.235711E+001
  0.402500E+001  0.214600E+001  0.235693E+001
  0.405000E+001  0.215950E+001  0.235674E+001
  0.407500E+001  0.217250E+001  0.235710E+001
  0.410000E+001  0.218600E+001  0.235691E+001
  0.412500E+001  0.219950E+001  0.235673E+001
  0.415000E+001  0.221250E+001  0.235708E+001
  0.417500E+001  0.222600E+001  0.235690E+001
  0.420000E+001  0.223950E+001  0.235672E+001
  0.422500E+001  0.225250E+001  0.235707E+001
  0.425000E+001  0.201300E+001  0.265311E+001
  0.425000E+001  0.226600E+001  0.235689E+001
  0.427500E+001  0.227950E+001  0.235671E+001
  0.430000E+001  0.229250E+001  0.235705E+001
  0.432500E+001  0.230600E+001  0.235687E+001
  0.435000E+001  0.231950E+001  0.235670E+001
  0.437500E+001  0.233250E+001  0.235704E+001
  0.440000E+001  0.234600E+001  0.235686E+001
  0.442500E+001  0.235950E+001  0.235669E+001
  0.445000E+001  0.237250E+001  0.235702E+001
  0.447500E+001  0.238600E+001  0.235685E+001
  0.450000E+001  0.239950E+001  0.235668E+001
  0.452500E+001  0.241250E+001  0.235701E+001
  0.455000E+001  0.242600E+001  0.235684E+001
  0.457500E+001  0.220800E+001  0.260376E+001
  0.457500E+001  0.243950E+001  0.235668E+001
  0.460000E+001  0.245250E+001  0.235699E+001
  0.462500E+001  0.246600E+001  0.235683E+001
  0.465000E+001  0.247950E+001  0.235667E+001
  0.467500E+001  0.249250E+001  0.235698E+001
  0.470000E+001  0.228200E+001  0.258816E+001
  0.470000E+001  0.250600E+001  0.235682E+001
  0.472500E+001  0.251900E+001  0.235713E+001
  0.475000E+001  0.253250E+001  0.235697E+001
  0.477500E+001  0.254600E+001  0.235681E+001
  0.480000E+001  0.234050E+001  0.257717E+001
  0.480000E+001  0.255900E+001  0.235711E+001
  0.482500E+001  0.257250E+001  0.235696E+001
  0.485000E+001  0.258600E+001  0.235680E+001
  0.487500E+001  0.238450E+001  0.256914E+001
  0.487500E+001  0.259900E+001  0.235710E+001
  0.490000E+001  0.261250E+001  0.235695E+001
  0.492500E+001  0.262600E+001  0.235679E+001
  0.495000E+001  0.263900E+001  0.235709E+001
  0.497500E+001  0.265250E+001  0.235693E+001
  0.500000E+001  0.245750E+001  0.255674E+001
  0.500000E+001  0.266600E+001  0.235678E+001
  0.502500E+001  0.267900E+001  0.235707E+001
  0.505000E+001  0.248700E+001  0.255167E+001
  0.505000E+001  0.269250E+001  0.235692E+001
  0.507500E+001  0.270600E+001  0.235677E+001
  0.510000E+001  0.251600E+001  0.254724E+001
  0.510000E+001  0.271900E+001  0.235706E+001
  0.512500E+001  0.273250E+001  0.235691E+001
  0.515000E+001  0.254500E+001  0.254290E+001
  0.515000E+001  0.274600E+001  0.235677E+001
  0.517500E+001  0.275900E+001  0.235705E+001
  0.520000E+001  0.257400E+001  0.253866E+001
  0.520000E+001  0.277250E+001  0.235690E+001
  0.522500E+001  0.278600E+001  0.235676E+001
  0.525000E+001  0.260250E+001  0.253500E+001
  0.525000E+001  0.279900E+001  0.235704E+001
  0.527500E+001  0.281250E+001  0.235689E+001
  0.530000E+001  0.282600E+001  0.235675E+001
  0.532500E+001  0.283900E+001  0.235702E+001
  0.535000E+001  0.285250E+001  0.235688E+001
  0.537500E+001  0.267450E+001  0.252549E+001
  0.537500E+001  0.286600E+001  0.235674E+001
  0.540000E+001  0.287900E+001  0.235701E+001
  0.542500E+001  0.289250E+001  0.235687E+001
  0.545000E+001  0.271800E+001  0.251975E+001
  0.545000E+001  0.290600E+001  0.235673E+001
  0.547500E+001  0.291900E+001  0.235700E+001
  0.550000E+001  0.293250E+001  0.235686E+001
  0.552500E+001  0.276050E+001  0.251509E+001
  0.552500E+001  0.294600E+001  0.235673E+001
  0.555000E+001  0.295900E+001  0.235699E+001
  0.557500E+001  0.297250E+001  0.235685E+001
  0.560000E+001  0.280350E+001  0.251014E+001
  0.560000E+001  0.298600E+001  0.235672E+001
  0.562500E+001  0.281800E+001  0.250837E+001
  0.562500E+001  0.299900E+001  0.235698E+001
  0.565000E+001  0.301250E+001  0.235685E+001
  0.567500E+001  0.302600E+001  0.235671E+001
  0.570000E+001  0.286050E+001  0.250405E+001
  0.570000E+001  0.303900E+001  0.235697E+001
  0.572500E+001  0.287500E+001  0.250235E+001
  0.572500E+001  0.305250E+001  0.235684E+001
  0.575000E+001  0.306550E+001  0.235709E+001
  0.577500E+001  0.307900E+001  0.235696E+001
  0.580000E+001  0.309250E+001  0.235683E+001
  0.582500E+001  0.293200E+001  0.249656E+001
  0.582500E+001  0.310550E+001  0.235708E+001
  0.585000E+001  0.311900E+001  0.235695E+001
  0.587500E+001  0.313250E+001  0.235682E+001
  0.590000E+001  0.314550E+001  0.235707E+001
  0.592500E+001  0.315900E+001  0.235694E+001
  0.595000E+001  0.300250E+001  0.249025E+001
  0.595000E+001  0.317250E+001  0.235681E+001
  0.597500E+001  0.301700E+001  0.248870E+001
  0.597500E+001  0.318550E+001  0.235706E+001
  0.600000E+001  0.303100E+001  0.248757E+001
  0.600000E+001  0.319900E+001  0.235693E+001
  0.602500E+001  0.321250E+001  0.235680E+001
  0.605000E+001  0.322550E+001  0.235705E+001
  0.607500E+001  0.323900E+001  0.235692E+001
  0.610000E+001  0.325250E+001  0.235680E+001
  0.612500E+001  0.326550E+001  0.235704E+001
  0.615000E+001  0.311550E+001  0.248060E+001
  0.615000E+001  0.327900E+001  0.235691E+001
  0.617500E+001  0.312950E+001  0.247954E+001
  0.617500E+001  0.329250E+001  0.235679E+001
  0.620000E+001  0.314400E+001  0.247810E+001
  0.620000E+001  0.330550E+001  0.235703E+001
  0.622500E+001  0.315800E+001  0.247706E+001
  0.622500E+001  0.331900E+001  0.235690E+001
  0.625000E+001  0.317200E+001  0.247603E+001
  0.625000E+001  0.333250E+001  0.235678E+001
  0.627500E+001  0.334550E+001  0.235702E+001
  0.630000E+001  0.335900E+001  0.235690E+001
  0.632500E+001  0.337250E+001  0.235678E+001
  0.635000E+001  0.338550E+001  0.235701E+001
  0.637500E+001  0.339900E+001  0.235689E+001
  0.640000E+001  0.341250E+001  0.235677E+001
  0.642500E+001  0.342550E+001  0.235700E+001
  0.645000E+001  0.343900E+001  0.235688E+001
  0.647500E+001  0.345250E+001  0.235676E+001
  0.650000E+001  0.346550E+001  0.235699E+001
  0.652500E+001  0.136150E+001  0.602244E+001
  0.652500E+001  0.332650E+001  0.246492E+001
  0.652500E+001  0.347900E+001  0.235687E+001
  0.655000E+001  0.349250E+001  0.235676E+001
  0.657500E+001  0.350550E+001  0.235698E+001
  0.660000E+001  0.351900E+001  0.235686E+001
  0.662500E+001  0.353250E+001  0.235675E+001
  0.665000E+001  0.354550E+001  0.235697E+001
  0.667500E+001  0.355900E+001  0.235686E+001
  0.670000E+001  0.357250E+001  0.235674E+001
  0.672500E+001  0.162000E+001  0.521659E+001
  0.672500E+001  0.358550E+001  0.235696E+001
  0.675000E+001  0.359900E+001  0.235685E+001
  0.677500E+001  0.361200E+001  0.235706E+001
  0.680000E+001  0.348000E+001  0.245550E+001
  0.680000E+001  0.362550E+001  0.235695E+001
  0.682500E+001  0.349400E+001  0.245465E+001
  0.682500E+001  0.363900E+001  0.235684E+001
  0.685000E+001  0.350800E+001  0.245381E+001
  0.685000E+001  0.365200E+001  0.235705E+001
  0.687500E+001  0.352150E+001  0.245332E+001
  0.687500E+001  0.366550E+001  0.235694E+001
  0.690000E+001  0.353550E+001  0.245249E+001
  0.690000E+001  0.367900E+001  0.235683E+001
  0.692500E+001  0.354950E+001  0.245167E+001
  0.692500E+001  0.369200E+001  0.235704E+001
  0.695000E+001  0.370550E+001  0.235694E+001
  0.697500E+001  0.371900E+001  0.235683E+001
  0.700000E+001  0.373200E+001  0.235704E+001
  0.702500E+001  0.374550E+001  0.235693E+001
  0.705000E+001  0.375900E+001  0.235682E+001
  0.707500E+001  0.363300E+001  0.244721E+001
  0.707500E+001  0.377200E+001  0.235703E+001
  0.710000E+001  0.203150E+001  0.439189E+001
  0.710000E+001  0.378550E+001  0.235692E+001
  0.712500E+001  0.366050E+001  0.244599E+001
  0.712500E+001  0.379900E+001  0.235681E+001
  0.715000E+001  0.367450E+001  0.244522E+001
  0.715000E+001  0.381200E+001  0.235702E+001
  0.717500E+001  0.210700E+001  0.427924E+001
  0.717500E+001  0.382550E+001  0.235691E+001
  0.720000E+001  0.383900E+001  0.235681E+001
  0.722500E+001  0.215550E+001  0.421211E+001
  0.722500E+001  0.371600E+001  0.244327E+001
  0.722500E+001  0.385200E+001  0.235701E+001
  0.725000E+001  0.386550E+001  0.235691E+001
  0.727500E+001  0.374400E+001  0.244178E+001
  0.727500E+001  0.387900E+001  0.235680E+001
  0.730000E+001  0.222800E+001  0.411735E+001
  0.730000E+001  0.375750E+001  0.244137E+001
  0.730000E+001  0.389200E+001  0.235700E+001
  0.732500E+001  0.377150E+001  0.244064E+001
  0.732500E+001  0.390550E+001  0.235690E+001
  0.735000E+001  0.391900E+001  0.235680E+001
  0.737500E+001  0.393200E+001  0.235699E+001
  0.740000E+001  0.394550E+001  0.235689E+001
  0.742500E+001  0.382700E+001  0.243808E+001
  0.742500E+001  0.395900E+001  0.235679E+001
  0.745000E+001  0.384100E+001  0.243737E+001
  0.745000E+001  0.397200E+001  0.235698E+001
  0.747500E+001  0.385450E+001  0.243699E+001
  0.747500E+001  0.398550E+001  0.235688E+001
  0.750000E+001  0.241250E+001  0.390664E+001
  0.750000E+001  0.386850E+001  0.243629E+001
  0.750000E+001  0.399900E+001  0.235678E+001
  0.752500E+001  0.401200E+001  0.235698E+001
  0.755000E+001  0.402550E+001  0.235688E+001
  0.757500E+001  0.391000E+001  0.243453E+001
  0.757500E+001  0.403900E+001  0.235678E+001
  0.760000E+001  0.250150E+001  0.381788E+001
  0.760000E+001  0.405200E+001  0.235697E+001
  0.762500E+001  0.252350E+001  0.379705E+001
  0.762500E+001  0.393750E+001  0.243349E+001
  0.762500E+001  0.406550E+001  0.235687E+001
  0.765000E+001  0.407900E+001  0.235677E+001
  0.767500E+001  0.409200E+001  0.235696E+001
  0.770000E+001  0.258900E+001  0.373739E+001
  0.770000E+001  0.397900E+001  0.243179E+001
  0.770000E+001  0.410550E+001  0.235686E+001
  0.772500E+001  0.399250E+001  0.243144E+001
  0.772500E+001  0.411900E+001  0.235677E+001
  0.775000E+001  0.263150E+001  0.370091E+001
  0.775000E+001  0.400650E+001  0.243078E+001
  0.775000E+001  0.413200E+001  0.235695E+001
  0.777500E+001  0.414550E+001  0.235686E+001
  0.780000E+001  0.403400E+001  0.242979E+001
  0.780000E+001  0.415850E+001  0.235704E+001
  0.782500E+001  0.404750E+001  0.242945E+001
  0.782500E+001  0.417200E+001  0.235695E+001
  0.785000E+001  0.418550E+001  0.235685E+001
  0.787500E+001  0.419850E+001  0.235704E+001
  0.790000E+001  0.275800E+001  0.359950E+001
  0.790000E+001  0.421200E+001  0.235694E+001
  0.792500E+001  0.410300E+001  0.242721E+001
  0.792500E+001  0.422550E+001  0.235684E+001
  0.795000E+001  0.411650E+001  0.242688E+001
  0.795000E+001  0.423850E+001  0.235703E+001
  0.797500E+001  0.425200E+001  0.235693E+001
  0.800000E+001  0.426550E+001  0.235684E+001
  0.802500E+001  0.415800E+001  0.242533E+001
  0.802500E+001  0.427850E+001  0.235702E+001
  0.805000E+001  0.288050E+001  0.351186E+001
  0.805000E+001  0.429200E+001  0.235693E+001
  0.807500E+001  0.290100E+001  0.349788E+001
  0.807500E+001  0.430550E+001  0.235683E+001
  0.810000E+001  0.431850E+001  0.235701E+001
  0.812500E+001  0.421300E+001  0.242349E+001
  0.812500E+001  0.433200E+001  0.235692E+001
  0.815000E+001  0.422650E+001  0.242318E+001
  0.815000E+001  0.434550E+001  0.235683E+001
  0.817500E+001  0.298100E+001  0.344616E+001
  0.817500E+001  0.435850E+001  0.235700E+001
  0.820000E+001  0.425400E+001  0.242229E+001
  0.820000E+001  0.437200E+001  0.235691E+001
  0.822500E+001  0.426750E+001  0.242199E+001
  0.822500E+001  0.438550E+001  0.235682E+001
  0.825000E+001  0.439850E+001  0.235700E+001
  0.827500E+001  0.441200E+001  0.235691E+001
  0.830000E+001  0.430900E+001  0.242053E+001
  0.830000E+001  0.442550E+001  0.235682E+001
  0.832500E+001  0.432250E+001  0.242024E+001
  0.832500E+001  0.443850E+001  0.235699E+001
  0.835000E+001  0.445200E+001  0.235690E+001
  0.837500E+001  0.435000E+001  0.241939E+001
  0.837500E+001  0.446550E+001  0.235681E+001
  0.840000E+001  0.315650E+001  0.334413E+001
  0.840000E+001  0.447850E+001  0.235698E+001
  0.842500E+001  0.317600E+001  0.333349E+001
  0.842500E+001  0.449200E+001  0.235689E+001
  0.845000E+001  0.450550E+001  0.235680E+001
  0.847500E+001  0.440500E+001  0.241771E+001
  0.847500E+001  0.451850E+001  0.235698E+001
  0.850000E+001  0.441850E+001  0.241743E+001
  0.850000E+001  0.453200E+001  0.235689E+001
  0.852500E+001  0.454550E+001  0.235680E+001
  0.855000E+001  0.444600E+001  0.241661E+001
  0.855000E+001  0.455850E+001  0.235697E+001
  0.857500E+001  0.445950E+001  0.241634E+001
  0.857500E+001  0.457200E+001  0.235688E+001
  0.860000E+001  0.330850E+001  0.326646E+001
  0.860000E+001  0.447350E+001  0.241580E+001
  0.860000E+001  0.458550E+001  0.235679E+001
  0.862500E+001  0.448700E+001  0.241553E+001
  0.862500E+001  0.459850E+001  0.235696E+001
  0.865000E+001  0.450050E+001  0.241527E+001
  0.865000E+001  0.461200E+001  0.235688E+001
  0.867500E+001  0.336500E+001  0.323962E+001
  0.867500E+001  0.462550E+001  0.235679E+001
  0.870000E+001  0.463850E+001  0.235696E+001
  0.872500E+001  0.454150E+001  0.241421E+001
  0.872500E+001  0.465200E+001  0.235687E+001
  0.875000E+001  0.466550E+001  0.235678E+001
  0.877500E+001  0.467850E+001  0.235695E+001
  0.880000E+001  0.458250E+001  0.241318E+001
  0.880000E+001  0.469200E+001  0.235686E+001
  0.882500E+001  0.347600E+001  0.319040E+001
  0.882500E+001  0.470550E+001  0.235678E+001
  0.885000E+001  0.471850E+001  0.235694E+001
  0.887500E+001  0.462350E+001  0.241217E+001
  0.887500E+001  0.473200E+001  0.235686E+001
  0.890000E+001  0.353050E+001  0.316784E+001
  0.890000E+001  0.463750E+001  0.241166E+001
  0.890000E+001  0.474500E+001  0.235702E+001
  0.892500E+001  0.354900E+001  0.316018E+001
  0.892500E+001  0.475850E+001  0.235694E+001
  0.895000E+001  0.466450E+001  0.241117E+001
  0.895000E+001  0.477200E+001  0.235685E+001
  0.897500E+001  0.478500E+001  0.235701E+001
  0.900000E+001  0.479850E+001  0.235693E+001
  0.902500E+001  0.470550E+001  0.241019E+001
  0.902500E+001  0.481200E+001  0.235685E+001
  0.905000E+001  0.482500E+001  0.235701E+001
  0.907500E+001  0.473300E+001  0.240946E+001
  0.907500E+001  0.483850E+001  0.235692E+001
  0.910000E+001  0.474650E+001  0.240923E+001
  0.910000E+001  0.485200E+001  0.235684E+001
  0.912500E+001  0.369300E+001  0.310501E+001
  0.912500E+001  0.486500E+001  0.235700E+001
  0.915000E+001  0.371050E+001  0.309883E+001
  0.915000E+001  0.487850E+001  0.235692E+001
  0.917500E+001  0.478750E+001  0.240828E+001
  0.917500E+001  0.489200E+001  0.235684E+001
  0.920000E+001  0.490500E+001  0.235699E+001
  0.922500E+001  0.376400E+001  0.307983E+001
  0.922500E+001  0.481500E+001  0.240758E+001
  0.922500E+001  0.491850E+001  0.235691E+001
  0.925000E+001  0.378150E+001  0.307388E+001
  0.925000E+001  0.482850E+001  0.240735E+001
  0.925000E+001  0.493200E+001  0.235683E+001
  0.927500E+001  0.494500E+001  0.235699E+001
  0.930000E+001  0.381700E+001  0.306176E+001
  0.930000E+001  0.485550E+001  0.240690E+001
  0.930000E+001  0.495850E+001  0.235691E+001
  0.932500E+001  0.497200E+001  0.235683E+001
  0.935000E+001  0.488300E+001  0.240622E+001
  0.935000E+001  0.498500E+001  0.235698E+001
  0.937500E+001  0.489650E+001  0.240600E+001
  0.937500E+001  0.499850E+001  0.235690E+001
  0.940000E+001  0.388700E+001  0.303895E+001
  0.940000E+001  0.501200E+001  0.235682E+001
  0.942500E+001  0.492400E+001  0.240532E+001
  0.942500E+001  0.502500E+001  0.235698E+001
  0.945000E+001  0.392200E+001  0.302785E+001
  0.945000E+001  0.493750E+001  0.240511E+001
  0.945000E+001  0.503850E+001  0.235690E+001
  0.947500E+001  0.505200E+001  0.235682E+001
  0.950000E+001  0.496450E+001  0.240468E+001
  0.950000E+001  0.506500E+001  0.235697E+001
  0.952500E+001  0.397400E+001  0.301194E+001
  0.952500E+001  0.507850E+001  0.235689E+001
  0.955000E+001  0.499200E+001  0.240402E+001
  0.955000E+001  0.509200E+001  0.235681E+001
  0.957500E+001  0.500550E+001  0.240382E+001
  0.957500E+001  0.510500E+001  0.235696E+001
  0.960000E+001  0.511850E+001  0.235688E+001
  0.962500E+001  0.404250E+001  0.299199E+001
  0.962500E+001  0.513200E+001  0.235681E+001
  0.965000E+001  0.406000E+001  0.298683E+001
  0.965000E+001  0.514500E+001  0.235696E+001
  0.967500E+001  0.506000E+001  0.240276E+001
  0.967500E+001  0.515850E+001  0.235688E+001
  0.970000E+001  0.507350E+001  0.240256E+001
  0.970000E+001  0.517200E+001  0.235680E+001
  0.972500E+001  0.518500E+001  0.235695E+001
  0.975000E+001  0.510100E+001  0.240192E+001
  0.975000E+001  0.519850E+001  0.235687E+001
  0.977500E+001  0.521200E+001  0.235680E+001
  0.980000E+001  0.512800E+001  0.240153E+001
  0.980000E+001  0.522500E+001  0.235695E+001
  0.982500E+001  0.514150E+001  0.240133E+001
  0.982500E+001  0.523850E+001  0.235687E+001
  0.985000E+001  0.525200E+001  0.235679E+001
  0.987500E+001  0.516900E+001  0.240071E+001
  0.987500E+001  0.526500E+001  0.235694E+001
  0.990000E+001  0.527850E+001  0.235686E+001
  0.992500E+001  0.424700E+001  0.293669E+001
  0.992500E+001  0.519600E+001  0.240033E+001
  0.992500E+001  0.529150E+001  0.235701E+001
  0.995000E+001  0.426350E+001  0.293269E+001
  0.995000E+001  0.530500E+001  0.235693E+001
  0.997500E+001  0.531850E+001  0.235686E+001
  0.100000E+002  0.523700E+001  0.239954E+001
  0.100000E+002  0.533150E+001  0.235700E+001
  0.100250E+002  0.534500E+001  0.235693E+001
  0.100500E+002  0.433100E+001  0.291600E+001
  0.100500E+002  0.526400E+001  0.239916E+001
  0.100500E+002  0.535850E+001  0.235685E+001
  0.100750E+002  0.434750E+001  0.291216E+001
  0.100750E+002  0.527750E+001  0.239898E+001
  0.100750E+002  0.537150E+001  0.235700E+001
  0.101000E+002  0.538500E+001  0.235692E+001
  0.101250E+002  0.438100E+001  0.290423E+001
  0.101250E+002  0.530450E+001  0.239861E+001
  0.101250E+002  0.539850E+001  0.235685E+001
  0.101500E+002  0.439750E+001  0.290048E+001
  0.101500E+002  0.531850E+001  0.239821E+001
  0.101500E+002  0.541150E+001  0.235699E+001
  0.101750E+002  0.533200E+001  0.239803E+001
  0.101750E+002  0.542500E+001  0.235692E+001
  0.102000E+002  0.443100E+001  0.289273E+001
  0.102000E+002  0.543850E+001  0.235684E+001
  0.102250E+002  0.535900E+001  0.239767E+001
  0.102250E+002  0.545150E+001  0.235699E+001
  0.102500E+002  0.446400E+001  0.288542E+001
  0.102500E+002  0.537250E+001  0.239749E+001
  0.102500E+002  0.546500E+001  0.235691E+001
  0.102750E+002  0.547850E+001  0.235684E+001
  0.103000E+002  0.449700E+001  0.287822E+001
  0.103000E+002  0.539950E+001  0.239714E+001
  0.103000E+002  0.549150E+001  0.235698E+001
  0.103250E+002  0.550500E+001  0.235691E+001
  0.103500E+002  0.453000E+001  0.287112E+001
  0.103500E+002  0.542700E+001  0.239657E+001
  0.103500E+002  0.551850E+001  0.235683E+001
  0.103750E+002  0.553150E+001  0.235697E+001
  0.104000E+002  0.456300E+001  0.286413E+001
  0.104000E+002  0.545400E+001  0.239623E+001
  0.104000E+002  0.554500E+001  0.235690E+001
  0.104250E+002  0.546750E+001  0.239606E+001
  0.104250E+002  0.555850E+001  0.235683E+001
  0.104500E+002  0.459550E+001  0.285755E+001
  0.104500E+002  0.548100E+001  0.239589E+001
  0.104500E+002  0.557150E+001  0.235697E+001
  0.104750E+002  0.461200E+001  0.285413E+001
  0.104750E+002  0.549450E+001  0.239572E+001
  0.104750E+002  0.558500E+001  0.235690E+001
  0.105000E+002  0.559850E+001  0.235683E+001
  0.105250E+002  0.464450E+001  0.284769E+001
  0.105250E+002  0.561150E+001  0.235696E+001
  0.105500E+002  0.466100E+001  0.284435E+001
  0.105500E+002  0.562500E+001  0.235689E+001
  0.105750E+002  0.181200E+001  0.733385E+001
  0.105750E+002  0.554900E+001  0.239483E+001
  0.105750E+002  0.563850E+001  0.235682E+001
  0.106000E+002  0.556250E+001  0.239467E+001
  0.106000E+002  0.565150E+001  0.235696E+001
  0.106250E+002  0.557600E+001  0.239451E+001
  0.106250E+002  0.566500E+001  0.235689E+001
  0.106500E+002  0.558950E+001  0.239434E+001
  0.106500E+002  0.567850E+001  0.235682E+001
  0.106750E+002  0.474250E+001  0.282859E+001
  0.106750E+002  0.560300E+001  0.239418E+001
  0.106750E+002  0.569150E+001  0.235695E+001
  0.107000E+002  0.201350E+001  0.667793E+001
  0.107000E+002  0.475850E+001  0.282568E+001
  0.107000E+002  0.570500E+001  0.235688E+001
  0.107250E+002  0.477450E+001  0.282279E+001
  0.107250E+002  0.563000E+001  0.239386E+001
  0.107250E+002  0.571850E+001  0.235681E+001
  0.107500E+002  0.479100E+001  0.281963E+001
  0.107500E+002  0.564400E+001  0.239349E+001
  0.107500E+002  0.573150E+001  0.235695E+001
  0.107750E+002  0.212650E+001  0.636739E+001
  0.107750E+002  0.480700E+001  0.281678E+001
  0.107750E+002  0.574500E+001  0.235688E+001
  0.108000E+002  0.567100E+001  0.239317E+001
  0.108000E+002  0.575850E+001  0.235681E+001
  0.108250E+002  0.577150E+001  0.235694E+001
  0.108500E+002  0.223450E+001  0.610182E+001
  0.108500E+002  0.485550E+001  0.280805E+001
  0.108500E+002  0.569800E+001  0.239286E+001
  0.108500E+002  0.578500E+001  0.235687E+001
  0.108750E+002  0.226950E+001  0.602156E+001
  0.108750E+002  0.487150E+001  0.280528E+001
  0.108750E+002  0.571150E+001  0.239270E+001
  0.108750E+002  0.579850E+001  0.235680E+001
  0.109000E+002  0.488750E+001  0.280253E+001
  0.109000E+002  0.572500E+001  0.239255E+001
  0.109000E+002  0.581150E+001  0.235694E+001
  0.109250E+002  0.490350E+001  0.279979E+001
  0.109250E+002  0.582500E+001  0.235687E+001
  0.109500E+002  0.491950E+001  0.279707E+001
  0.109500E+002  0.575200E+001  0.239224E+001
  0.109500E+002  0.583800E+001  0.235700E+001
  0.109750E+002  0.493550E+001  0.279437E+001
  0.109750E+002  0.585150E+001  0.235693E+001
